Date/Time	Elapsed Time	Pump 1 Flow (mL/min)	Pump 2 Flow (mL/min)	Pump 3 Flow (mL/min)	Pump 4 Flow (mL/min)	Coriolis Flow (mL/min)	Pump 1 Pressure (bar)	Pump 2 Pressure (bar)	Pump 3 Pressure (bar)	Pump 4 Pressure (bar)	UV detector 1 (mAU) 	UV detector 2 (mAU)
05/04/2023 11:09:21	00:00:01	1,00	0,00	0,00	0,00	0,03	54,00	0,00	1,00	0,00	0,00	0,00
05/04/2023 11:09:22	00:00:02	1,00	0,00	0,00	0,00	0,03	55,00	0,00	0,00	0,00	0,09	0,00
05/04/2023 11:09:23	00:00:03	1,00	0,00	0,00	0,00	0,03	55,00	0,00	1,00	0,00	0,11	0,00
05/04/2023 11:09:24	00:00:04	1,00	0,00	0,00	0,00	0,03	56,00	0,00	1,00	0,00	0,09	0,00
05/04/2023 11:09:25	00:00:05	1,00	0,00	0,00	0,00	0,03	56,00	0,00	1,00	0,00	0,08	0,00
05/04/2023 11:09:26	00:00:06	1,00	0,00	0,00	0,00	0,03	53,00	0,00	1,00	0,00	0,07	0,00
05/04/2023 11:09:27	00:00:07	1,00	0,00	0,00	0,00	0,03	55,00	0,00	1,00	1,00	0,11	0,00
05/04/2023 11:09:28	00:00:08	1,00	0,00	0,00	0,00	0,03	56,00	0,00	0,00	0,00	0,08	0,00
05/04/2023 11:09:29	00:00:09	1,00	0,00	0,00	0,00	0,03	56,00	0,00	1,00	0,00	0,12	0,00
05/04/2023 11:09:30	00:00:10	1,00	0,00	0,00	0,00	0,03	56,00	0,00	1,00	0,00	0,10	0,00
05/04/2023 11:09:31	00:00:11	1,00	0,00	0,00	0,00	0,03	56,00	0,00	1,00	0,00	0,11	0,00
05/04/2023 11:09:32	00:00:12	1,00	0,00	0,00	0,00	0,03	52,00	0,00	1,00	0,00	0,11	0,00
05/04/2023 11:09:33	00:00:13	1,00	0,00	0,00	0,00	0,03	55,00	1,00	1,00	0,00	0,13	0,00
05/04/2023 11:09:34	00:00:14	1,00	0,00	0,00	0,00	0,03	56,00	0,00	1,00	0,00	0,12	0,00
05/04/2023 11:09:35	00:00:15	1,00	0,00	0,00	0,00	0,03	56,00	0,00	1,00	0,00	0,14	0,00
05/04/2023 11:09:36	00:00:16	1,00	0,00	0,00	0,00	0,03	56,00	0,00	1,00	0,00	0,12	0,00
05/04/2023 11:09:37	00:00:17	1,00	0,00	0,00	0,00	0,03	52,00	0,00	0,00	0,00	0,17	0,00
05/04/2023 11:09:38	00:00:18	1,00	0,00	0,00	0,00	0,03	55,00	0,00	1,00	0,00	0,15	0,00
05/04/2023 11:09:39	00:00:19	1,00	0,00	0,00	0,00	0,03	55,00	0,00	1,00	0,00	0,13	0,00
05/04/2023 11:09:40	00:00:20	1,00	0,00	0,00	0,00	0,03	56,00	0,00	1,00	0,00	0,15	0,00
05/04/2023 11:09:41	00:00:21	1,00	0,00	0,00	0,00	0,03	56,00	0,00	1,00	0,00	0,07	0,00
05/04/2023 11:09:42	00:00:22	1,00	0,00	0,00	0,00	0,03	52,00	0,00	1,00	0,00	0,15	0,00
05/04/2023 11:09:43	00:00:23	1,00	0,00	0,00	0,00	0,03	55,00	0,00	1,00	0,00	0,17	0,00
05/04/2023 11:09:44	00:00:24	1,00	0,00	0,00	0,00	0,03	55,00	0,00	0,00	0,00	0,17	0,00
05/04/2023 11:09:45	00:00:25	1,00	0,00	0,00	0,00	0,03	56,00	0,00	1,00	0,00	0,17	0,00
05/04/2023 11:09:46	00:00:26	1,00	0,00	0,00	0,00	0,03	56,00	0,00	1,00	0,00	0,18	0,00
05/04/2023 11:09:47	00:00:27	1,00	0,00	0,00	0,00	0,03	52,00	0,00	0,00	0,00	0,16	0,00
05/04/2023 11:09:48	00:00:28	1,00	0,00	0,00	0,00	0,03	53,00	0,00	0,00	0,00	0,26	0,00
05/04/2023 11:09:49	00:00:29	1,00	0,00	0,00	0,00	0,03	53,00	0,00	1,00	0,00	0,20	0,00
05/04/2023 11:09:50	00:00:30	1,00	0,00	0,00	0,00	0,03	55,00	0,00	1,00	0,00	0,21	0,00
05/04/2023 11:09:51	00:00:31	1,00	0,00	0,00	0,00	0,03	56,00	0,00	1,00	0,00	0,22	0,00
05/04/2023 11:09:52	00:00:32	1,00	0,00	0,00	0,00	0,03	56,00	0,00	1,00	0,00	0,20	0,00
05/04/2023 11:09:53	00:00:33	1,00	0,00	0,00	0,00	0,03	52,00	0,00	1,00	0,00	0,21	0,00
05/04/2023 11:09:54	00:00:34	1,00	0,00	0,00	0,00	0,03	55,00	0,00	1,00	0,00	0,20	0,00
05/04/2023 11:09:55	00:00:35	1,00	0,00	0,00	0,00	0,03	55,00	0,00	1,00	0,00	0,18	0,00
05/04/2023 11:09:56	00:00:36	1,00	0,00	0,00	0,00	0,03	56,00	0,00	1,00	0,00	0,18	0,00
05/04/2023 11:09:57	00:00:37	1,00	0,00	0,00	0,00	0,03	56,00	0,00	1,00	0,00	0,22	0,00
05/04/2023 11:09:58	00:00:38	1,00	0,00	0,00	0,00	0,03	52,00	0,00	0,00	0,00	0,20	0,00
05/04/2023 11:09:59	00:00:39	1,00	0,00	0,00	0,00	0,03	55,00	0,00	1,00	0,00	0,17	0,00
05/04/2023 11:10:00	00:00:40	1,00	0,00	0,00	0,00	0,03	55,00	0,00	0,00	0,00	0,20	0,00
05/04/2023 11:10:01	00:00:41	1,00	0,00	0,00	0,00	0,03	56,00	0,00	1,00	0,00	0,19	0,00
05/04/2023 11:10:02	00:00:42	1,00	0,00	0,00	0,00	0,03	56,00	0,00	1,00	0,00	0,21	0,00
05/04/2023 11:10:03	00:00:43	1,00	0,00	0,00	0,00	0,03	56,00	0,00	1,00	0,00	0,14	0,00
05/04/2023 11:10:04	00:00:44	1,00	0,00	0,00	0,00	0,03	56,00	0,00	1,00	0,00	0,20	0,00
05/04/2023 11:10:05	00:00:45	1,00	0,00	0,00	0,00	0,03	55,00	0,00	0,00	0,00	0,18	0,00
05/04/2023 11:10:06	00:00:46	1,00	0,00	0,00	0,00	0,03	55,00	1,00	1,00	0,00	0,19	0,00
05/04/2023 11:10:07	00:00:47	1,00	0,00	0,00	0,00	0,03	56,00	0,00	0,00	0,00	0,23	0,00
05/04/2023 11:10:08	00:00:48	1,00	0,00	0,00	0,00	0,03	56,00	0,00	0,00	0,00	0,21	0,00
05/04/2023 11:10:09	00:00:49	1,00	0,00	0,00	0,00	0,03	56,00	1,00	1,00	1,00	0,18	0,00
05/04/2023 11:10:10	00:00:50	1,00	0,00	0,00	0,00	0,03	53,00	0,00	1,00	1,00	0,22	0,00
05/04/2023 11:10:11	00:00:51	1,00	0,00	0,00	0,00	0,03	55,00	0,00	1,00	0,00	0,18	0,00
05/04/2023 11:10:12	00:00:52	1,00	0,00	0,00	0,00	0,03	55,00	0,00	0,00	0,00	0,20	0,00
05/04/2023 11:10:13	00:00:53	1,00	0,00	0,00	0,00	0,03	56,00	0,00	1,00	0,00	0,21	0,00
05/04/2023 11:10:14	00:00:54	1,00	0,00	0,00	0,00	0,03	56,00	0,00	1,00	0,00	0,20	0,00
05/04/2023 11:10:15	00:00:55	1,00	0,00	0,00	0,00	0,03	54,00	0,00	1,00	1,00	0,16	0,00
05/04/2023 11:10:16	00:00:56	1,00	0,00	0,00	0,00	0,03	55,00	0,00	0,00	0,00	0,23	0,00
05/04/2023 11:10:17	00:00:57	1,00	0,00	0,00	0,00	0,03	56,00	0,00	0,00	0,00	0,21	0,00
05/04/2023 11:10:18	00:00:58	1,00	0,00	0,00	0,00	0,03	56,00	0,00	1,00	0,00	0,19	0,00
05/04/2023 11:10:19	00:00:59	1,00	0,00	0,00	0,00	0,03	56,00	0,00	1,00	0,00	0,19	0,00
05/04/2023 11:10:20	00:01:00	1,00	0,00	0,00	0,00	0,03	53,00	0,00	1,00	0,00	0,18	0,00
05/04/2023 11:10:21	00:01:01	1,00	0,00	0,00	0,00	0,03	55,00	0,00	1,00	0,00	0,27	0,00
05/04/2023 11:10:22	00:01:02	1,00	0,00	0,00	0,00	0,03	55,00	0,00	1,00	0,00	0,23	0,00
05/04/2023 11:10:23	00:01:03	1,00	0,00	0,00	0,00	0,03	55,00	0,00	0,00	0,00	0,22	0,00
05/04/2023 11:10:24	00:01:04	1,00	0,00	0,00	0,00	0,03	56,00	0,00	0,00	0,00	0,23	0,00
05/04/2023 11:10:25	00:01:05	1,00	0,00	0,00	0,00	0,03	56,00	1,00	1,00	0,00	0,21	0,00
05/04/2023 11:10:26	00:01:06	1,00	0,00	0,00	0,00	0,03	52,00	1,00	1,00	0,00	0,23	0,00
05/04/2023 11:10:27	00:01:07	1,00	0,00	0,00	0,00	0,03	55,00	0,00	1,00	0,00	0,20	0,00
05/04/2023 11:10:28	00:01:08	1,00	0,00	0,00	0,00	0,03	55,00	0,00	0,00	0,00	-0,61	0,00
05/04/2023 11:10:29	00:01:09	1,00	0,00	0,00	0,00	0,03	56,00	0,00	0,00	0,00	-0,59	0,00
05/04/2023 11:10:30	00:01:10	1,00	0,00	0,00	0,00	0,03	56,00	0,00	1,00	0,00	-0,61	0,00
05/04/2023 11:10:31	00:01:11	1,00	0,00	0,00	0,00	0,03	52,00	1,00	1,00	0,00	-0,56	0,00
05/04/2023 11:10:32	00:01:12	1,00	0,00	0,00	0,00	0,03	53,00	1,00	1,00	0,00	-0,56	0,00
05/04/2023 11:10:33	00:01:13	1,00	0,00	0,00	0,00	0,03	55,00	0,00	0,00	0,00	-0,55	0,00
05/04/2023 11:10:34	00:01:14	1,00	0,00	0,00	0,00	0,03	56,00	0,00	1,00	0,00	-0,56	0,00
05/04/2023 11:10:35	00:01:15	1,00	0,00	0,00	0,00	0,03	56,00	0,00	0,00	0,00	-0,55	0,00
05/04/2023 11:10:36	00:01:16	1,00	0,00	0,00	0,00	0,03	52,00	0,00	1,00	1,00	-0,56	0,00
05/04/2023 11:10:37	00:01:17	1,00	0,00	0,00	0,00	0,03	54,00	1,00	0,00	0,00	-0,52	0,00
05/04/2023 11:10:38	00:01:18	1,00	0,00	0,00	0,00	0,03	55,00	0,00	1,00	0,00	-0,54	0,00
05/04/2023 11:10:39	00:01:19	1,00	0,00	0,00	0,00	0,03	56,00	1,00	1,00	0,00	-0,51	0,00
05/04/2023 11:10:40	00:01:20	1,00	0,00	0,00	0,00	0,03	56,00	1,00	0,00	0,00	-0,53	0,00
05/04/2023 11:10:41	00:01:21	1,00	0,00	0,00	0,00	0,03	56,00	1,00	1,00	1,00	-0,53	0,00
05/04/2023 11:10:42	00:01:22	1,00	0,00	0,00	0,00	0,03	53,00	0,00	0,00	0,00	-0,47	0,00
05/04/2023 11:10:43	00:01:23	1,00	0,00	0,00	0,00	0,03	55,00	0,00	0,00	0,00	-0,49	0,00
05/04/2023 11:10:44	00:01:24	1,00	0,00	0,00	0,00	0,03	56,00	0,00	1,00	0,00	-0,46	0,00
05/04/2023 11:10:45	00:01:25	1,00	0,00	0,00	0,00	0,03	56,00	1,00	1,00	0,00	-0,43	0,00
05/04/2023 11:10:46	00:01:26	1,00	0,00	0,00	0,00	0,03	56,00	0,00	1,00	0,00	-0,43	0,00
05/04/2023 11:10:47	00:01:27	1,00	0,00	0,00	0,00	0,03	56,00	0,00	0,00	0,00	-0,44	0,00
05/04/2023 11:10:48	00:01:28	1,00	0,00	0,00	0,00	0,03	53,00	0,00	0,00	0,00	-0,41	0,00
05/04/2023 11:10:49	00:01:29	1,00	0,00	0,00	0,00	0,03	55,00	0,00	1,00	0,00	-0,36	0,00
05/04/2023 11:10:50	00:01:30	1,00	0,00	0,00	0,00	0,03	55,00	0,00	1,00	0,00	-0,30	0,00
05/04/2023 11:10:51	00:01:31	1,00	0,00	0,00	0,00	0,03	56,00	0,00	0,00	0,00	-0,31	0,00
05/04/2023 11:10:52	00:01:32	1,00	0,00	0,00	0,00	0,03	56,00	0,00	1,00	0,00	-0,27	0,00
05/04/2023 11:10:53	00:01:33	1,00	0,00	0,00	0,00	0,03	53,00	0,00	1,00	0,00	-0,20	0,00
05/04/2023 11:10:54	00:01:34	1,00	0,00	0,00	0,00	0,03	55,00	0,00	1,00	0,00	-0,14	0,00
05/04/2023 11:10:55	00:01:35	1,00	0,00	0,00	0,00	0,03	55,00	0,00	1,00	0,00	-0,13	0,00
05/04/2023 11:10:56	00:01:36	1,00	0,00	0,00	0,00	0,03	56,00	0,00	1,00	0,00	-0,10	0,00
05/04/2023 11:10:57	00:01:37	1,00	0,00	0,00	0,00	0,03	56,00	0,00	1,00	0,00	-0,10	0,00
05/04/2023 11:10:58	00:01:38	1,00	0,00	0,00	0,00	0,03	52,00	0,00	1,00	0,00	-0,11	0,00
05/04/2023 11:10:59	00:01:39	1,00	0,00	0,00	0,00	0,03	55,00	0,00	0,00	0,00	-0,06	0,00
05/04/2023 11:11:00	00:01:40	1,00	0,00	0,00	0,00	0,03	55,00	0,00	1,00	1,00	0,13	0,00
05/04/2023 11:11:01	00:01:41	1,00	0,00	0,00	0,00	0,03	56,00	0,00	1,00	0,00	0,60	0,00
05/04/2023 11:11:02	00:01:42	1,00	0,00	0,00	0,00	0,03	56,00	0,00	1,00	0,00	1,29	0,00
05/04/2023 11:11:03	00:01:43	1,00	0,00	0,00	0,00	0,03	56,00	0,00	1,00	0,00	2,05	0,00
05/04/2023 11:11:04	00:01:44	1,00	0,00	0,00	0,00	0,03	52,00	0,00	0,00	0,00	2,87	0,00
05/04/2023 11:11:05	00:01:45	1,00	0,00	0,00	0,00	0,03	55,00	0,00	0,00	0,00	3,71	0,00
05/04/2023 11:11:06	00:01:46	1,00	0,00	0,00	0,00	0,03	55,00	0,00	0,00	0,00	4,68	0,00
05/04/2023 11:11:07	00:01:47	1,00	0,00	0,00	0,00	0,03	56,00	0,00	1,00	0,00	5,67	0,00
05/04/2023 11:11:08	00:01:48	1,00	0,00	0,00	0,00	0,03	55,00	0,00	1,00	0,00	6,70	0,00
05/04/2023 11:11:09	00:01:49	1,00	0,00	0,00	0,00	0,03	52,00	0,00	1,00	0,00	7,93	0,00
05/04/2023 11:11:10	00:01:50	1,00	0,00	0,00	0,00	0,03	55,00	0,00	1,00	0,00	9,23	0,00
05/04/2023 11:11:11	00:01:51	1,00	0,00	0,00	0,00	0,03	55,00	0,00	1,00	0,00	10,71	0,00
05/04/2023 11:11:12	00:01:52	1,00	0,00	0,00	0,00	0,03	56,00	0,00	0,00	0,00	12,36	0,00
05/04/2023 11:11:13	00:01:53	1,00	0,00	0,00	0,00	0,03	56,00	0,00	1,00	0,00	14,18	0,00
05/04/2023 11:11:14	00:01:54	1,00	0,00	0,00	0,00	0,03	56,00	0,00	1,00	0,00	16,09	0,00
05/04/2023 11:11:15	00:01:55	1,00	0,00	0,00	0,00	0,03	53,00	0,00	0,00	0,00	18,36	0,00
05/04/2023 11:11:16	00:01:56	1,00	0,00	0,00	0,00	0,03	55,00	0,00	0,00	0,00	20,93	0,00
05/04/2023 11:11:17	00:01:57	1,00	0,00	0,00	0,00	0,03	56,00	0,00	1,00	0,00	24,05	0,00
05/04/2023 11:11:18	00:01:58	1,00	0,00	0,00	0,00	0,03	56,00	0,00	1,00	0,00	27,01	0,00
05/04/2023 11:11:19	00:01:59	1,00	0,00	0,00	0,00	0,03	52,00	0,00	1,00	0,00	29,43	0,00
05/04/2023 11:11:20	00:02:00	1,00	0,00	0,00	0,00	0,03	53,00	0,00	1,00	0,00	31,84	0,00
05/04/2023 11:11:21	00:02:01	1,00	0,00	0,00	0,00	0,03	53,00	0,00	1,00	0,00	34,73	0,00
05/04/2023 11:11:22	00:02:02	1,00	0,00	0,00	0,00	0,03	55,00	0,00	0,00	0,00	38,34	0,00
05/04/2023 11:11:23	00:02:03	1,00	0,00	0,00	0,00	0,03	55,00	0,00	1,00	1,00	42,88	0,00
05/04/2023 11:11:24	00:02:04	1,00	0,00	0,00	0,00	0,03	56,00	1,00	1,00	1,00	48,30	0,00
05/04/2023 11:11:25	00:02:05	1,00	0,00	0,00	0,00	0,03	56,00	0,00	1,00	1,00	54,32	0,00
05/04/2023 11:11:26	00:02:06	1,00	0,00	0,00	0,00	0,03	52,00	0,00	1,00	0,00	60,14	0,00
05/04/2023 11:11:27	00:02:07	1,00	0,00	0,00	0,00	0,03	55,00	0,00	1,00	0,00	58,04	0,00
05/04/2023 11:11:28	00:02:08	1,00	0,00	0,00	0,00	0,03	56,00	0,00	0,00	0,00	50,38	0,00
05/04/2023 11:11:29	00:02:09	1,00	0,00	0,00	0,00	0,03	56,00	0,00	1,00	0,00	65,42	0,00
05/04/2023 11:11:30	00:02:10	1,00	0,00	0,00	0,00	0,03	56,00	1,00	0,00	1,00	89,64	0,00
05/04/2023 11:11:31	00:02:11	1,00	0,00	0,00	0,00	0,03	54,00	0,00	0,00	1,00	90,14	0,00
05/04/2023 11:11:32	00:02:12	1,00	0,00	0,00	0,00	0,03	55,00	1,00	1,00	0,00	76,96	0,00
05/04/2023 11:11:33	00:02:13	1,00	0,00	0,00	0,00	0,03	55,00	0,00	1,00	0,00	47,75	0,00
05/04/2023 11:11:34	00:02:14	1,00	0,00	0,00	0,00	0,03	56,00	0,00	0,00	0,00	27,27	0,00
05/04/2023 11:11:35	00:02:15	1,00	0,00	0,00	0,00	0,03	56,00	1,00	1,00	0,00	18,12	0,00
05/04/2023 11:11:36	00:02:16	1,00	0,00	0,00	0,00	0,03	52,00	1,00	1,00	0,00	13,41	0,00
05/04/2023 11:11:37	00:02:17	1,00	0,00	0,00	0,00	0,03	55,00	0,00	1,00	0,00	10,23	0,00
05/04/2023 11:11:38	00:02:18	1,00	0,00	0,00	0,00	0,03	55,00	0,00	1,00	0,00	8,05	0,00
05/04/2023 11:11:39	00:02:19	1,00	0,00	0,00	0,00	0,03	56,00	0,00	1,00	1,00	6,47	0,00
05/04/2023 11:11:40	00:02:20	1,00	0,00	0,00	0,00	0,03	56,00	0,00	1,00	0,00	5,44	0,00
05/04/2023 11:11:41	00:02:21	1,00	0,00	0,00	0,00	0,03	52,00	0,00	1,00	0,00	5,64	0,00
05/04/2023 11:11:42	00:02:22	1,00	0,00	0,00	0,00	0,03	56,00	1,00	1,00	0,00	6,06	0,00
05/04/2023 11:11:43	00:02:23	1,00	0,00	0,00	0,00	0,03	55,00	0,00	0,00	1,00	4,86	0,00
05/04/2023 11:11:44	00:02:24	1,00	0,00	0,00	0,00	0,03	56,00	0,00	0,00	1,00	3,80	0,00
05/04/2023 11:11:45	00:02:25	1,00	0,00	0,00	0,00	0,03	56,00	0,00	0,00	0,00	3,22	0,00
05/04/2023 11:11:46	00:02:26	1,00	0,00	0,00	0,00	0,03	56,00	1,00	0,00	0,00	2,82	0,00
05/04/2023 11:11:47	00:02:27	1,00	0,00	0,00	0,00	0,03	52,00	0,00	1,00	0,00	2,59	0,00
05/04/2023 11:11:48	00:02:28	1,00	0,00	0,00	0,00	0,03	55,00	0,00	1,00	0,00	2,36	0,00
05/04/2023 11:11:49	00:02:29	1,00	0,00	0,00	0,00	0,03	55,00	1,00	1,00	1,00	2,23	0,00
05/04/2023 11:11:50	00:02:30	1,00	0,00	0,00	0,00	0,03	56,00	1,00	1,00	0,00	2,19	0,00
05/04/2023 11:11:51	00:02:31	1,00	0,00	0,00	0,00	0,03	56,00	0,00	1,00	1,00	2,26	0,00
05/04/2023 11:11:52	00:02:32	1,00	0,00	0,00	0,00	0,03	56,00	0,00	1,00	0,00	2,55	0,00
05/04/2023 11:11:53	00:02:33	1,00	0,00	0,00	0,00	0,03	53,00	0,00	0,00	0,00	2,90	0,00
05/04/2023 11:11:54	00:02:34	1,00	0,00	0,00	0,00	0,03	55,00	1,00	1,00	0,00	3,25	0,00
05/04/2023 11:11:55	00:02:35	1,00	0,00	0,00	0,00	0,03	55,00	0,00	1,00	0,00	3,53	0,00
05/04/2023 11:11:56	00:02:36	1,00	0,00	0,00	0,00	0,03	56,00	0,00	1,00	0,00	3,71	0,00
05/04/2023 11:11:57	00:02:37	1,00	0,00	0,00	0,00	0,03	56,00	0,00	0,00	0,00	3,74	0,00
05/04/2023 11:11:58	00:02:38	1,00	0,00	0,00	0,00	0,03	53,00	0,00	1,00	0,00	3,70	0,00
05/04/2023 11:11:59	00:02:39	1,00	0,00	0,00	0,00	0,03	55,00	0,00	1,00	0,00	3,51	0,00
05/04/2023 11:12:00	00:02:40	1,00	0,00	0,00	0,00	0,03	56,00	0,00	0,00	0,00	3,17	0,00
05/04/2023 11:12:01	00:02:41	1,00	0,00	0,00	0,00	0,03	56,00	0,00	1,00	0,00	2,78	0,00
05/04/2023 11:12:02	00:02:42	1,00	0,00	0,00	0,00	0,03	56,00	0,00	0,00	1,00	2,53	0,00
05/04/2023 11:12:03	00:02:43	1,00	0,00	0,00	0,00	0,03	52,00	0,00	1,00	1,00	2,51	0,00
05/04/2023 11:12:04	00:02:44	1,00	0,00	0,00	0,00	0,03	52,00	0,00	1,00	1,00	2,67	0,00
05/04/2023 11:12:05	00:02:45	1,00	0,00	0,00	0,00	0,03	55,00	0,00	0,00	0,00	2,96	0,00
05/04/2023 11:12:06	00:02:46	1,00	0,00	0,00	0,00	0,03	56,00	0,00	0,00	1,00	3,24	0,00
05/04/2023 11:12:07	00:02:47	1,00	0,00	0,00	0,00	0,03	56,00	0,00	1,00	0,00	3,57	0,00
05/04/2023 11:12:08	00:02:48	1,00	0,00	0,00	0,00	0,03	56,00	0,00	1,00	0,00	3,89	0,00
05/04/2023 11:12:09	00:02:49	1,00	0,00	0,00	0,00	0,03	52,00	0,00	0,00	0,00	4,17	0,00
05/04/2023 11:12:10	00:02:50	1,00	0,00	0,00	0,00	0,03	55,00	0,00	0,00	0,00	4,39	0,00
05/04/2023 11:12:11	00:02:51	1,00	0,00	0,00	0,00	0,03	55,00	0,00	1,00	0,00	4,59	0,00
05/04/2023 11:12:12	00:02:52	1,00	0,00	0,00	0,00	0,03	56,00	0,00	1,00	0,00	4,70	0,00
05/04/2023 11:12:13	00:02:53	1,00	0,00	0,00	0,00	0,03	56,00	0,00	1,00	0,00	4,82	0,00
05/04/2023 11:12:14	00:02:54	1,00	0,00	0,00	0,00	0,03	52,00	0,00	1,00	0,00	4,85	0,00
05/04/2023 11:12:15	00:02:55	1,00	0,00	0,00	0,00	0,03	55,00	1,00	1,00	0,00	4,87	0,00
05/04/2023 11:12:16	00:02:56	1,00	0,00	0,00	0,00	0,03	55,00	0,00	1,00	0,00	4,87	0,00
05/04/2023 11:12:17	00:02:57	1,00	0,00	0,00	0,00	0,03	56,00	0,00	0,00	0,00	4,88	0,00
05/04/2023 11:12:18	00:02:58	1,00	0,00	0,00	0,00	0,03	56,00	0,00	1,00	0,00	4,85	0,00
05/04/2023 11:12:19	00:02:59	1,00	0,00	0,00	0,00	0,03	53,00	0,00	1,00	0,00	4,81	0,00
05/04/2023 11:12:20	00:03:00	1,00	0,00	0,00	0,00	0,03	53,00	0,00	0,00	0,00	4,80	0,00
05/04/2023 11:12:21	00:03:01	1,00	0,00	0,00	0,00	0,03	55,00	0,00	1,00	0,00	4,79	0,00
05/04/2023 11:12:22	00:03:02	1,00	0,00	0,00	0,00	0,03	56,00	0,00	1,00	0,00	4,94	0,00
05/04/2023 11:12:23	00:03:03	1,00	0,00	0,00	0,00	0,03	56,00	0,00	1,00	0,00	5,33	0,00
05/04/2023 11:12:24	00:03:04	1,00	0,00	0,00	0,00	0,03	52,00	0,00	0,00	0,00	5,62	0,00
05/04/2023 11:12:25	00:03:05	1,00	0,00	0,00	0,00	0,03	54,00	0,00	1,00	0,00	5,89	0,00
05/04/2023 11:12:26	00:03:06	1,00	0,00	0,00	0,00	0,03	55,00	0,00	0,00	0,00	5,98	0,00
05/04/2023 11:12:27	00:03:07	1,00	0,00	0,00	0,00	0,03	55,00	0,00	0,00	0,00	5,88	0,00
05/04/2023 11:12:28	00:03:08	1,00	0,00	0,00	0,00	0,03	56,00	0,00	0,00	1,00	5,65	0,00
05/04/2023 11:12:29	00:03:09	1,00	0,00	0,00	0,00	0,03	56,00	0,00	1,00	0,00	5,29	0,00
05/04/2023 11:12:30	00:03:10	1,00	0,00	0,00	0,00	0,03	56,00	0,00	1,00	0,00	4,94	0,00
05/04/2023 11:12:31	00:03:11	1,00	0,00	0,00	0,00	0,03	54,00	0,00	0,00	0,00	4,55	0,00
05/04/2023 11:12:32	00:03:12	1,00	0,00	0,00	0,00	0,03	55,00	0,00	0,00	0,00	4,17	0,00
05/04/2023 11:12:33	00:03:13	1,00	0,00	0,00	0,00	0,03	56,00	0,00	0,00	0,00	3,93	0,00
05/04/2023 11:12:34	00:03:14	1,00	0,00	0,00	0,00	0,03	56,00	0,00	1,00	0,00	3,80	0,00
05/04/2023 11:12:35	00:03:15	1,00	0,00	0,00	0,00	0,03	56,00	0,00	1,00	0,00	3,66	0,00
05/04/2023 11:12:36	00:03:16	1,00	0,00	0,00	0,00	0,03	54,00	0,00	1,00	0,00	3,61	0,00
05/04/2023 11:12:37	00:03:17	1,00	0,00	0,00	0,00	0,03	55,00	0,00	1,00	0,00	3,62	0,00
05/04/2023 11:12:38	00:03:18	1,00	0,00	0,00	0,00	0,03	55,00	0,00	0,00	0,00	3,74	0,00
05/04/2023 11:12:39	00:03:19	1,00	0,00	0,00	0,00	0,03	56,00	0,00	1,00	1,00	3,98	0,00
05/04/2023 11:12:40	00:03:20	1,00	0,00	0,00	0,00	0,03	56,00	0,00	0,00	0,00	4,44	0,00
05/04/2023 11:12:41	00:03:21	1,00	0,00	0,00	0,00	0,03	53,00	0,00	1,00	0,00	5,17	0,00
05/04/2023 11:12:42	00:03:22	1,00	0,00	0,00	0,00	0,03	55,00	0,00	1,00	0,00	5,89	0,00
05/04/2023 11:12:43	00:03:23	1,00	0,00	0,00	0,00	0,03	55,00	0,00	1,00	0,00	6,45	0,00
05/04/2023 11:12:45	00:03:24	1,00	0,00	0,00	0,00	0,03	55,00	0,00	1,00	0,00	6,68	0,00
05/04/2023 11:12:46	00:03:25	1,00	0,00	0,00	0,00	0,03	56,00	0,00	1,00	0,00	6,81	0,00
05/04/2023 11:12:47	00:03:26	1,00	0,00	0,00	0,00	0,03	56,00	0,00	1,00	0,00	6,93	0,00
05/04/2023 11:12:48	00:03:27	1,00	0,00	0,00	0,00	0,03	52,00	0,00	0,00	0,00	7,11	0,00
05/04/2023 11:12:49	00:03:28	1,00	0,00	0,00	0,00	0,03	55,00	0,00	1,00	0,00	7,45	0,00
05/04/2023 11:12:50	00:03:29	1,00	0,00	0,00	0,00	0,03	55,00	0,00	1,00	0,00	7,87	0,00
05/04/2023 11:12:51	00:03:30	1,00	0,00	0,00	0,00	0,03	56,00	0,00	1,00	0,00	8,34	0,00
05/04/2023 11:12:52	00:03:31	1,00	0,00	0,00	0,00	0,03	56,00	0,00	1,00	1,00	8,74	0,00
05/04/2023 11:12:53	00:03:32	1,00	0,00	0,00	0,00	0,03	53,00	0,00	0,00	0,00	9,13	0,00
05/04/2023 11:12:54	00:03:33	1,00	0,00	0,00	0,00	0,03	55,00	0,00	0,00	1,00	9,45	0,00
05/04/2023 11:12:55	00:03:34	1,00	0,00	0,00	0,00	0,03	55,00	0,00	1,00	0,00	9,68	0,00
05/04/2023 11:12:56	00:03:36	1,00	0,00	0,00	0,00	0,03	56,00	0,00	1,00	0,00	9,81	0,00
05/04/2023 11:12:57	00:03:37	1,00	0,00	0,00	0,00	0,03	56,00	0,00	0,00	0,00	9,80	0,00
05/04/2023 11:12:58	00:03:38	1,00	0,00	0,00	0,00	0,03	52,00	0,00	0,00	0,00	9,68	0,00
05/04/2023 11:12:59	00:03:39	1,00	0,00	0,00	0,00	0,03	55,00	1,00	1,00	0,00	9,44	0,00
05/04/2023 11:13:00	00:03:40	1,00	0,00	0,00	0,00	0,03	55,00	0,00	0,00	0,00	9,16	0,00
05/04/2023 11:13:01	00:03:41	1,00	0,00	0,00	0,00	0,03	56,00	0,00	1,00	0,00	8,99	0,00
05/04/2023 11:13:02	00:03:42	1,00	0,00	0,00	0,00	0,03	56,00	0,00	0,00	0,00	9,13	0,00
05/04/2023 11:13:03	00:03:43	1,00	0,00	0,00	0,00	0,03	56,00	0,00	1,00	1,00	10,02	0,00
05/04/2023 11:13:04	00:03:44	1,00	0,00	0,00	0,00	0,03	52,00	0,00	1,00	1,00	12,08	0,00
05/04/2023 11:13:05	00:03:45	1,00	0,00	0,00	0,00	0,03	53,00	0,00	0,00	0,00	14,94	0,00
05/04/2023 11:13:06	00:03:46	1,00	0,00	0,00	0,00	0,03	55,00	0,00	1,00	0,00	17,86	0,00
05/04/2023 11:13:07	00:03:47	1,00	0,00	0,00	0,00	0,03	56,00	0,00	0,00	0,00	20,24	0,00
05/04/2023 11:13:08	00:03:48	1,00	0,00	0,00	0,00	0,03	56,00	0,00	1,00	0,00	21,71	0,00
05/04/2023 11:13:09	00:03:49	1,00	0,00	0,00	0,00	0,03	52,00	0,00	1,00	0,00	22,07	0,00
05/04/2023 11:13:10	00:03:50	1,00	0,00	0,00	0,00	0,03	53,00	0,00	0,00	0,00	21,43	0,00
05/04/2023 11:13:11	00:03:51	1,00	0,00	0,00	0,00	0,03	55,00	0,00	0,00	0,00	19,90	0,00
05/04/2023 11:13:12	00:03:52	1,00	0,00	0,00	0,00	0,03	55,00	0,00	1,00	0,00	17,82	0,00
05/04/2023 11:13:13	00:03:53	1,00	0,00	0,00	0,00	0,03	56,00	0,00	1,00	0,00	15,49	0,00
05/04/2023 11:13:14	00:03:54	1,00	0,00	0,00	0,00	0,03	56,00	0,00	0,00	0,00	13,21	0,00
05/04/2023 11:13:15	00:03:55	1,00	0,00	0,00	0,00	0,03	52,00	0,00	1,00	0,00	11,16	0,00
05/04/2023 11:13:16	00:03:56	1,00	0,00	0,00	0,00	0,03	55,00	1,00	1,00	0,00	9,46	0,00
05/04/2023 11:13:17	00:03:57	1,00	0,00	0,00	0,00	0,03	55,00	0,00	0,00	0,00	8,09	0,00
05/04/2023 11:13:18	00:03:58	1,00	0,00	0,00	0,00	0,03	56,00	0,00	1,00	0,00	7,08	0,00
05/04/2023 11:13:19	00:03:59	1,00	0,00	0,00	0,00	0,03	56,00	0,00	0,00	0,00	6,17	0,00
05/04/2023 11:13:20	00:04:00	1,00	0,00	0,00	0,00	0,03	53,00	0,00	1,00	0,00	5,66	0,00
05/04/2023 11:13:21	00:04:01	1,00	0,00	0,00	0,00	0,03	55,00	0,00	1,00	0,00	5,19	0,00
05/04/2023 11:13:22	00:04:02	1,00	0,00	0,00	0,00	0,03	55,00	0,00	1,00	0,00	4,79	0,00
05/04/2023 11:13:23	00:04:03	1,00	0,00	0,00	0,00	0,03	56,00	0,00	1,00	0,00	4,42	0,00
05/04/2023 11:13:24	00:04:04	1,00	0,00	0,00	0,00	0,03	56,00	0,00	1,00	0,00	4,11	0,00
05/04/2023 11:13:25	00:04:05	1,00	0,00	0,00	0,00	0,03	52,00	0,00	1,00	0,00	3,76	0,00
05/04/2023 11:13:26	00:04:06	1,00	0,00	0,00	0,00	0,03	55,00	0,00	1,00	0,00	3,35	0,00
05/04/2023 11:13:27	00:04:07	1,00	0,00	0,00	0,00	0,03	55,00	0,00	0,00	0,00	2,85	0,00
05/04/2023 11:13:28	00:04:08	1,00	0,00	0,00	0,00	0,03	55,00	0,00	1,00	0,00	2,39	0,00
05/04/2023 11:13:29	00:04:09	1,00	0,00	0,00	0,00	0,03	56,00	0,00	0,00	0,00	2,08	0,00
05/04/2023 11:13:30	00:04:10	1,00	0,00	0,00	0,00	0,03	56,00	0,00	1,00	0,00	1,97	0,00
05/04/2023 11:13:31	00:04:11	1,00	0,00	0,00	0,00	0,03	52,00	0,00	1,00	0,00	2,30	0,00
05/04/2023 11:13:32	00:04:12	1,00	0,00	0,00	0,00	0,03	55,00	0,00	1,00	0,00	2,97	0,00
05/04/2023 11:13:33	00:04:13	1,00	0,00	0,00	0,00	0,03	55,00	0,00	0,00	0,00	3,89	0,00
05/04/2023 11:13:34	00:04:14	1,00	0,00	0,00	0,00	0,03	56,00	0,00	1,00	1,00	4,80	0,00
05/04/2023 11:13:35	00:04:15	1,00	0,00	0,00	0,00	0,03	56,00	0,00	1,00	0,00	5,56	0,00
05/04/2023 11:13:36	00:04:16	1,00	0,00	0,00	0,00	0,03	56,00	0,00	0,00	0,00	6,05	0,00
05/04/2023 11:13:37	00:04:17	1,00	0,00	0,00	0,00	0,03	53,00	0,00	1,00	0,00	6,29	0,00
05/04/2023 11:13:38	00:04:18	1,00	0,00	0,00	0,00	0,03	55,00	0,00	1,00	1,00	6,27	0,00
05/04/2023 11:13:39	00:04:19	1,00	0,00	0,00	0,00	0,03	56,00	0,00	0,00	0,00	6,14	0,00
05/04/2023 11:13:40	00:04:20	1,00	0,00	0,00	0,00	0,03	56,00	0,00	0,00	0,00	5,93	0,00
05/04/2023 11:13:41	00:04:21	1,00	0,00	0,00	0,00	0,03	56,00	0,00	1,00	0,00	5,65	0,00
05/04/2023 11:13:42	00:04:22	1,00	0,00	0,00	0,00	0,03	53,00	0,00	0,00	1,00	5,36	0,00
05/04/2023 11:13:43	00:04:23	1,00	0,00	0,00	0,00	0,03	55,00	0,00	1,00	1,00	5,04	0,00
05/04/2023 11:13:44	00:04:24	1,00	0,00	0,00	0,00	0,03	55,00	0,00	1,00	1,00	4,67	0,00
05/04/2023 11:13:45	00:04:25	1,00	0,00	0,00	0,00	0,03	56,00	0,00	0,00	0,00	4,26	0,00
05/04/2023 11:13:46	00:04:26	1,00	0,00	0,00	0,00	0,03	56,00	0,00	1,00	0,00	3,84	0,00
05/04/2023 11:13:47	00:04:27	1,00	0,00	0,00	0,00	0,03	56,00	0,00	1,00	0,00	3,49	0,00
05/04/2023 11:13:48	00:04:28	1,00	0,00	0,00	0,00	0,03	53,00	0,00	1,00	0,00	3,16	0,00
05/04/2023 11:13:49	00:04:29	1,00	0,00	0,00	0,00	0,03	55,00	0,00	0,00	0,00	2,88	0,00
05/04/2023 11:13:50	00:04:30	1,00	0,00	0,00	0,00	0,03	56,00	0,00	0,00	0,00	2,64	0,00
05/04/2023 11:13:51	00:04:31	1,00	0,00	0,00	0,00	0,03	56,00	0,00	1,00	0,00	2,45	0,00
05/04/2023 11:13:52	00:04:32	1,00	0,00	0,00	0,00	0,03	56,00	0,00	1,00	0,00	2,29	0,00
05/04/2023 11:13:53	00:04:33	1,00	0,00	0,00	0,00	0,03	52,00	0,00	0,00	0,00	2,23	0,00
05/04/2023 11:13:54	00:04:34	1,00	0,00	0,00	0,00	0,03	55,00	0,00	1,00	0,00	2,26	0,00
05/04/2023 11:13:55	00:04:35	1,00	0,00	0,00	0,00	0,03	55,00	0,00	0,00	0,00	2,37	0,00
05/04/2023 11:13:56	00:04:36	1,00	0,00	0,00	0,00	0,03	56,00	0,00	1,00	0,00	2,51	0,00
05/04/2023 11:13:57	00:04:37	1,00	0,00	0,00	0,00	0,03	56,00	0,00	1,00	0,00	2,65	0,00
05/04/2023 11:13:58	00:04:38	1,00	0,00	0,00	0,00	0,03	53,00	0,00	1,00	0,00	2,70	0,00
05/04/2023 11:13:59	00:04:39	1,00	0,00	0,00	0,00	0,03	55,00	0,00	1,00	1,00	2,69	0,00
05/04/2023 11:14:00	00:04:40	1,00	0,00	0,00	0,00	0,03	55,00	0,00	1,00	0,00	2,58	0,00
05/04/2023 11:14:01	00:04:41	1,00	0,00	0,00	0,00	0,03	56,00	0,00	1,00	0,00	2,42	0,00
05/04/2023 11:14:02	00:04:42	1,00	0,00	0,00	0,00	0,03	56,00	0,00	0,00	1,00	2,20	0,00
05/04/2023 11:14:03	00:04:43	1,00	0,00	0,00	0,00	0,03	52,00	0,00	1,00	0,00	2,01	0,00
05/04/2023 11:14:04	00:04:44	1,00	0,00	0,00	0,00	0,03	52,00	0,00	1,00	0,00	1,81	0,00
05/04/2023 11:14:05	00:04:45	1,00	0,00	0,00	0,00	0,03	56,00	0,00	1,00	1,00	1,62	0,00
05/04/2023 11:14:06	00:04:46	1,00	0,00	0,00	0,00	0,03	56,00	0,00	1,00	0,00	1,51	0,00
05/04/2023 11:14:07	00:04:47	1,00	0,00	0,00	0,00	0,03	55,00	0,00	1,00	0,00	1,33	0,00
05/04/2023 11:14:08	00:04:48	1,00	0,00	0,00	0,00	0,03	52,00	0,00	1,00	0,00	1,22	0,00
05/04/2023 11:14:09	00:04:49	1,00	0,00	0,00	0,00	0,03	52,00	0,00	1,00	0,00	1,12	0,00
05/04/2023 11:14:10	00:04:50	1,00	0,00	0,00	0,00	0,03	53,00	0,00	0,00	0,00	1,09	0,00
05/04/2023 11:14:11	00:04:51	1,00	0,00	0,00	0,00	0,03	55,00	1,00	1,00	0,00	1,03	0,00
05/04/2023 11:14:12	00:04:52	1,00	0,00	0,00	0,00	0,03	56,00	0,00	0,00	0,00	0,97	0,00
05/04/2023 11:14:13	00:04:53	1,00	0,00	0,00	0,00	0,03	56,00	0,00	0,00	0,00	0,91	0,00
05/04/2023 11:14:14	00:04:54	1,00	0,00	0,00	0,00	0,03	52,00	0,00	0,00	1,00	0,90	0,00
05/04/2023 11:14:15	00:04:55	1,00	0,00	0,00	0,00	0,03	56,00	0,00	1,00	0,00	0,87	0,00
05/04/2023 11:14:16	00:04:56	1,00	0,00	0,00	0,00	0,03	55,00	0,00	0,00	0,00	0,85	0,00
05/04/2023 11:14:17	00:04:57	1,00	0,00	0,00	0,00	0,03	55,00	0,00	1,00	1,00	0,85	0,00
05/04/2023 11:14:18	00:04:58	1,00	0,00	0,00	0,00	0,03	56,00	0,00	1,00	0,00	0,80	0,00
05/04/2023 11:14:19	00:04:59	1,00	0,00	0,00	0,00	0,03	56,00	0,00	0,00	0,00	0,78	0,00
05/04/2023 11:14:20	00:05:00	1,00	0,00	0,00	0,00	0,03	54,00	0,00	1,00	0,00	0,78	0,00
05/04/2023 11:14:21	00:05:01	1,00	0,00	0,00	0,00	0,03	55,00	0,00	0,00	0,00	0,80	0,00
05/04/2023 11:14:22	00:05:02	1,00	0,00	0,00	0,00	0,03	55,00	0,00	1,00	0,00	0,78	0,00
05/04/2023 11:14:23	00:05:03	1,00	0,00	0,00	0,00	0,03	56,00	0,00	0,00	0,00	0,75	0,00
05/04/2023 11:14:24	00:05:04	1,00	0,00	0,00	0,00	0,03	56,00	1,00	0,00	0,00	0,75	0,00
05/04/2023 11:14:25	00:05:05	1,00	0,00	0,00	0,00	0,03	53,00	0,00	1,00	0,00	0,78	0,00
05/04/2023 11:14:26	00:05:06	1,00	0,00	0,00	0,00	0,03	55,00	0,00	1,00	0,00	0,78	0,00
05/04/2023 11:14:27	00:05:07	1,00	0,00	0,00	0,00	0,03	55,00	0,00	1,00	0,00	0,80	0,00
05/04/2023 11:14:28	00:05:08	1,00	0,00	0,00	0,00	0,03	55,00	0,00	1,00	0,00	0,77	0,00
05/04/2023 11:14:29	00:05:09	1,00	0,00	0,00	0,00	0,03	56,00	0,00	1,00	0,00	0,81	0,00
05/04/2023 11:14:30	00:05:10	1,00	0,00	0,00	0,00	0,03	56,00	0,00	1,00	0,00	0,82	0,00
05/04/2023 11:14:31	00:05:11	1,00	0,00	0,00	0,00	0,03	52,00	0,00	0,00	0,00	0,82	0,00
05/04/2023 11:14:32	00:05:12	1,00	0,00	0,00	0,00	0,03	55,00	0,00	1,00	0,00	0,83	0,00
05/04/2023 11:14:33	00:05:13	1,00	0,00	0,00	0,00	0,03	56,00	0,00	1,00	0,00	0,84	0,00
05/04/2023 11:14:34	00:05:14	1,00	0,00	0,00	0,00	0,03	56,00	0,00	1,00	1,00	0,82	0,00
05/04/2023 11:14:35	00:05:15	1,00	0,00	0,00	0,00	0,03	56,00	0,00	1,00	0,00	0,82	0,00
05/04/2023 11:14:36	00:05:16	1,00	0,00	0,00	0,00	0,03	52,00	0,00	1,00	0,00	0,82	0,00
05/04/2023 11:14:37	00:05:17	1,00	0,00	0,00	0,00	0,03	55,00	0,00	1,00	0,00	0,81	0,00
05/04/2023 11:14:38	00:05:18	1,00	0,00	0,00	0,00	0,03	55,00	0,00	1,00	0,00	0,86	0,00
05/04/2023 11:14:39	00:05:19	1,00	0,00	0,00	0,00	0,03	56,00	0,00	1,00	0,00	0,87	0,00
05/04/2023 11:14:40	00:05:20	1,00	0,00	0,00	0,00	0,03	56,00	0,00	0,00	0,00	0,89	0,00
05/04/2023 11:14:41	00:05:21	1,00	0,00	0,00	0,00	0,03	56,00	0,00	0,00	0,00	0,94	0,00
05/04/2023 11:14:42	00:05:22	1,00	0,00	0,00	0,00	0,03	55,00	0,00	1,00	0,00	0,99	0,00
05/04/2023 11:14:43	00:05:23	1,00	0,00	0,00	0,00	0,03	55,00	0,00	0,00	0,00	1,02	0,00
05/04/2023 11:14:44	00:05:24	1,00	0,00	0,00	0,00	0,03	56,00	0,00	1,00	0,00	1,05	0,00
05/04/2023 11:14:45	00:05:25	1,00	0,00	0,00	0,00	0,03	56,00	0,00	1,00	1,00	1,08	0,00
05/04/2023 11:14:46	00:05:26	1,00	0,00	0,00	0,00	0,03	52,00	0,00	1,00	0,00	1,08	0,00
05/04/2023 11:14:47	00:05:27	1,00	0,00	0,00	0,00	0,03	52,00	0,00	1,00	0,00	1,15	0,00
05/04/2023 11:14:48	00:05:28	1,00	0,00	0,00	0,00	0,03	53,00	0,00	1,00	0,00	1,20	0,00
05/04/2023 11:14:49	00:05:29	1,00	0,00	0,00	0,00	0,03	55,00	0,00	1,00	0,00	1,26	0,00
05/04/2023 11:14:50	00:05:30	1,00	0,00	0,00	0,00	0,03	55,00	0,00	1,00	0,00	1,33	0,00
05/04/2023 11:14:51	00:05:31	1,00	0,00	0,00	0,00	0,03	56,00	0,00	1,00	1,00	1,36	0,00
05/04/2023 11:14:52	00:05:32	1,00	0,00	0,00	0,00	0,03	53,00	0,00	1,00	0,00	1,34	0,00
05/04/2023 11:14:53	00:05:33	1,00	0,00	0,00	0,00	0,03	54,00	0,00	0,00	1,00	1,32	0,00
05/04/2023 11:14:54	00:05:34	1,00	0,00	0,00	0,00	0,03	55,00	0,00	1,00	0,00	1,29	0,00
05/04/2023 11:14:55	00:05:35	1,00	0,00	0,00	0,00	0,03	56,00	0,00	0,00	0,00	1,35	0,00
05/04/2023 11:14:56	00:05:36	1,00	0,00	0,00	0,00	0,03	56,00	0,00	1,00	0,00	1,30	0,00
05/04/2023 11:14:57	00:05:37	1,00	0,00	0,00	0,00	0,03	56,00	0,00	1,00	0,00	1,34	0,00
05/04/2023 11:14:58	00:05:38	1,00	0,00	0,00	0,00	0,03	52,00	0,00	0,00	1,00	1,42	0,00
05/04/2023 11:14:59	00:05:39	1,00	0,00	0,00	0,00	0,03	55,00	0,00	1,00	0,00	1,49	0,00
05/04/2023 11:15:00	00:05:40	1,00	0,00	0,00	0,00	0,03	55,00	0,00	1,00	0,00	1,55	0,00
05/04/2023 11:15:01	00:05:41	1,00	0,00	0,00	0,00	0,03	56,00	1,00	1,00	0,00	1,56	0,00
05/04/2023 11:15:02	00:05:42	1,00	0,00	0,00	0,00	0,03	56,00	1,00	0,00	0,00	1,51	0,00
05/04/2023 11:15:03	00:05:43	1,00	0,00	0,00	0,00	0,03	54,00	0,00	1,00	0,00	1,50	0,00
05/04/2023 11:15:04	00:05:44	1,00	0,00	0,00	0,00	0,03	55,00	0,00	1,00	0,00	1,42	0,00
05/04/2023 11:15:05	00:05:45	1,00	0,00	0,00	0,00	0,03	55,00	0,00	1,00	1,00	1,27	0,00
05/04/2023 11:15:06	00:05:46	1,00	0,00	0,00	0,00	0,03	56,00	0,00	1,00	1,00	1,17	0,00
05/04/2023 11:15:07	00:05:47	1,00	0,00	0,00	0,00	0,03	56,00	0,00	1,00	0,00	1,07	0,00
05/04/2023 11:15:08	00:05:48	1,00	0,00	0,00	0,00	0,03	52,00	0,00	1,00	0,00	1,00	0,00
05/04/2023 11:15:09	00:05:49	1,00	0,00	0,00	0,00	0,03	56,00	0,00	1,00	0,00	0,94	0,00
05/04/2023 11:15:10	00:05:50	1,00	0,00	0,00	0,00	0,03	55,00	0,00	0,00	1,00	0,96	0,00
05/04/2023 11:15:11	00:05:51	1,00	0,00	0,00	0,00	0,03	55,00	0,00	1,00	0,00	1,01	0,00
05/04/2023 11:15:12	00:05:52	1,00	0,00	0,00	0,00	0,03	56,00	0,00	1,00	1,00	1,12	0,00
05/04/2023 11:15:13	00:05:53	1,00	0,00	0,00	0,00	0,03	56,00	0,00	1,00	1,00	1,28	0,00
05/04/2023 11:15:14	00:05:54	1,00	0,00	0,00	0,00	0,03	52,00	0,00	0,00	0,00	1,41	0,00
05/04/2023 11:15:15	00:05:55	1,00	0,00	0,00	0,00	0,03	55,00	0,00	0,00	0,00	1,61	0,00
05/04/2023 11:15:16	00:05:56	1,00	0,00	0,00	0,00	0,03	55,00	0,00	0,00	0,00	1,75	0,00
05/04/2023 11:15:17	00:05:57	1,00	0,00	0,00	0,00	0,03	56,00	0,00	1,00	0,00	1,86	0,00
05/04/2023 11:15:18	00:05:58	1,00	0,00	0,00	0,00	0,03	56,00	0,00	1,00	0,00	1,91	0,00
05/04/2023 11:15:19	00:05:59	1,00	0,00	0,00	0,00	0,03	56,00	1,00	1,00	0,00	1,95	0,00
05/04/2023 11:15:20	00:06:00	1,00	0,00	0,00	0,00	0,03	55,00	0,00	1,00	0,00	1,94	0,00
05/04/2023 11:15:21	00:06:01	1,00	0,00	0,00	0,00	0,03	55,00	0,00	1,00	0,00	1,91	0,00
05/04/2023 11:15:22	00:06:02	1,00	0,00	0,00	0,00	0,03	56,00	0,00	0,00	0,00	1,87	0,00
05/04/2023 11:15:23	00:06:03	1,00	0,00	0,00	0,00	0,03	56,00	0,00	1,00	0,00	1,78	0,00
05/04/2023 11:15:24	00:06:04	1,00	0,00	0,00	0,00	0,03	56,00	0,00	0,00	0,00	1,71	0,00
05/04/2023 11:15:25	00:06:05	1,00	0,00	0,00	0,00	0,03	54,00	0,00	1,00	0,00	1,61	0,00
05/04/2023 11:15:26	00:06:06	1,00	0,00	0,00	0,00	0,03	55,00	0,00	1,00	0,00	1,45	0,00
05/04/2023 11:15:27	00:06:07	1,00	0,00	0,00	0,00	0,03	56,00	0,00	1,00	0,00	1,34	0,00
05/04/2023 11:15:28	00:06:08	1,00	0,00	0,00	0,00	0,03	56,00	0,00	0,00	0,00	1,20	0,00
05/04/2023 11:15:29	00:06:09	1,00	0,00	0,00	0,00	0,03	56,00	0,00	0,00	0,00	1,09	0,00
05/04/2023 11:15:30	00:06:10	1,00	0,00	0,00	0,00	0,03	53,00	0,00	1,00	1,00	0,97	0,00
05/04/2023 11:15:31	00:06:11	1,00	0,00	0,00	0,00	0,03	53,00	0,00	1,00	1,00	0,88	0,00
05/04/2023 11:15:32	00:06:12	1,00	0,00	0,00	0,00	0,03	55,00	0,00	1,00	0,00	0,80	0,00
05/04/2023 11:15:33	00:06:13	1,00	0,00	0,00	0,00	0,03	56,00	0,00	0,00	1,00	0,75	0,00
05/04/2023 11:15:34	00:06:14	1,00	0,00	0,00	0,00	0,03	56,00	0,00	0,00	0,00	0,77	0,00
05/04/2023 11:15:35	00:06:15	1,00	0,00	0,00	0,00	0,03	56,00	0,00	1,00	0,00	0,85	0,00
05/04/2023 11:15:36	00:06:16	1,00	0,00	0,00	0,00	0,03	52,00	0,00	0,00	0,00	1,05	0,00
05/04/2023 11:15:37	00:06:17	1,00	0,00	0,00	0,00	0,03	55,00	0,00	1,00	0,00	1,42	0,00
05/04/2023 11:15:38	00:06:18	1,00	0,00	0,00	0,00	0,03	55,00	0,00	0,00	0,00	1,96	0,00
05/04/2023 11:15:39	00:06:19	1,00	0,00	0,00	0,00	0,03	56,00	0,00	0,00	0,00	2,58	0,00
05/04/2023 11:15:40	00:06:20	1,00	0,00	0,00	0,00	0,03	56,00	0,00	0,00	0,00	3,22	0,00
05/04/2023 11:15:41	00:06:21	1,00	0,00	0,00	0,00	0,03	53,00	0,00	1,00	0,00	3,77	0,00
05/04/2023 11:15:42	00:06:22	1,00	0,00	0,00	0,00	0,03	55,00	0,00	0,00	0,00	4,13	0,00
05/04/2023 11:15:43	00:06:23	1,00	0,00	0,00	0,00	0,03	55,00	0,00	1,00	0,00	4,29	0,00
05/04/2023 11:15:44	00:06:24	1,00	0,00	0,00	0,00	0,03	56,00	0,00	1,00	0,00	4,24	0,00
05/04/2023 11:15:45	00:06:25	1,00	0,00	0,00	0,00	0,03	56,00	0,00	1,00	0,00	4,01	0,00
05/04/2023 11:15:46	00:06:26	1,00	0,00	0,00	0,00	0,03	52,00	0,00	0,00	0,00	3,68	0,00
05/04/2023 11:15:47	00:06:27	1,00	0,00	0,00	0,00	0,03	53,00	0,00	1,00	0,00	3,30	0,00
05/04/2023 11:15:48	00:06:28	1,00	0,00	0,00	0,00	0,03	55,00	0,00	1,00	0,00	2,95	0,00
05/04/2023 11:15:49	00:06:29	1,00	0,00	0,00	0,00	0,03	56,00	0,00	0,00	1,00	2,59	0,00
05/04/2023 11:15:50	00:06:30	1,00	0,00	0,00	0,00	0,03	56,00	0,00	1,00	0,00	2,40	0,00
05/04/2023 11:15:51	00:06:31	1,00	0,00	0,00	0,00	0,03	56,00	0,00	1,00	1,00	2,18	0,00
05/04/2023 11:15:52	00:06:32	1,00	0,00	0,00	0,00	0,03	52,00	0,00	1,00	0,00	2,23	0,00
05/04/2023 11:15:53	00:06:33	1,00	0,00	0,00	0,00	0,03	53,00	0,00	1,00	0,00	2,24	0,00
05/04/2023 11:15:54	00:06:34	1,00	0,00	0,00	0,00	0,03	55,00	0,00	1,00	0,00	2,32	0,00
05/04/2023 11:15:55	00:06:35	1,00	0,00	0,00	0,00	0,03	56,00	0,00	1,00	1,00	2,34	0,00
05/04/2023 11:15:56	00:06:36	1,00	0,00	0,00	0,00	0,03	56,00	0,00	1,00	0,00	2,34	0,00
05/04/2023 11:15:57	00:06:37	1,00	0,00	0,00	0,00	0,03	56,00	0,00	0,00	0,00	2,27	0,00
05/04/2023 11:15:58	00:06:38	1,00	0,00	0,00	0,00	0,03	54,00	1,00	0,00	0,00	2,13	0,00
05/04/2023 11:15:59	00:06:39	1,00	0,00	0,00	0,00	0,03	55,00	0,00	0,00	0,00	2,01	0,00
05/04/2023 11:16:00	00:06:40	1,00	0,00	0,00	0,00	0,03	56,00	0,00	1,00	0,00	1,82	0,00
05/04/2023 11:16:01	00:06:41	1,00	0,00	0,00	0,00	0,03	56,00	0,00	0,00	1,00	1,74	0,00
05/04/2023 11:16:02	00:06:42	1,00	0,00	0,00	0,00	0,03	56,00	1,00	1,00	0,00	1,62	0,00
05/04/2023 11:16:03	00:06:43	1,00	0,00	0,00	0,00	0,03	53,00	0,00	1,00	0,00	1,70	0,00
05/04/2023 11:16:05	00:06:44	1,00	0,00	0,00	0,00	0,03	56,00	0,00	1,00	0,00	1,97	0,00
05/04/2023 11:16:06	00:06:45	1,00	0,00	0,00	0,00	0,03	55,00	0,00	1,00	0,00	2,54	0,00
05/04/2023 11:16:07	00:06:46	1,00	0,00	0,00	0,00	0,03	56,00	0,00	1,00	0,00	3,78	0,00
05/04/2023 11:16:08	00:06:47	1,00	0,00	0,00	0,00	0,03	56,00	0,00	1,00	0,00	5,33	0,00
05/04/2023 11:16:09	00:06:48	1,00	0,00	0,00	0,00	0,03	52,00	0,00	1,00	0,00	7,22	0,00
05/04/2023 11:16:10	00:06:49	1,00	0,00	0,00	0,00	0,03	55,00	1,00	1,00	0,00	9,45	0,00
05/04/2023 11:16:11	00:06:50	1,00	0,00	0,00	0,00	0,03	55,00	0,00	0,00	0,00	11,72	0,00
05/04/2023 11:16:12	00:06:51	1,00	0,00	0,00	0,00	0,03	56,00	0,00	1,00	0,00	13,66	0,00
05/04/2023 11:16:13	00:06:52	1,00	0,00	0,00	0,00	0,03	56,00	0,00	0,00	0,00	15,02	0,00
05/04/2023 11:16:14	00:06:53	1,00	0,00	0,00	0,00	0,03	53,00	0,00	1,00	0,00	15,54	0,00
05/04/2023 11:16:15	00:06:54	1,00	0,00	0,00	0,00	0,03	55,00	0,00	0,00	0,00	15,33	0,00
05/04/2023 11:16:16	00:06:55	1,00	0,00	0,00	0,00	0,03	55,00	0,00	1,00	0,00	14,37	0,00
05/04/2023 11:16:17	00:06:57	1,00	0,00	0,00	0,00	0,03	55,00	0,00	1,00	0,00	12,98	0,00
05/04/2023 11:16:18	00:06:58	1,00	0,00	0,00	0,00	0,03	56,00	0,00	1,00	0,00	11,30	0,00
05/04/2023 11:16:19	00:06:59	1,00	0,00	0,00	0,00	0,03	56,00	0,00	1,00	0,00	9,53	0,00
05/04/2023 11:16:20	00:07:00	1,00	0,00	0,00	0,00	0,03	53,00	0,00	0,00	0,00	7,94	0,00
05/04/2023 11:16:21	00:07:01	1,00	0,00	0,00	0,00	0,03	55,00	0,00	1,00	0,00	6,45	0,00
05/04/2023 11:16:22	00:07:02	1,00	0,00	0,00	0,00	0,03	55,00	0,00	0,00	0,00	5,15	0,00
05/04/2023 11:16:23	00:07:03	1,00	0,00	0,00	0,00	0,03	56,00	0,00	1,00	0,00	4,02	0,00
05/04/2023 11:16:24	00:07:04	1,00	0,00	0,00	0,00	0,03	56,00	0,00	0,00	0,00	3,18	0,00
05/04/2023 11:16:25	00:07:05	1,00	0,00	0,00	0,00	0,03	56,00	0,00	1,00	1,00	2,48	0,00
05/04/2023 11:16:26	00:07:06	1,00	0,00	0,00	0,00	0,03	54,00	0,00	0,00	0,00	1,98	0,00
05/04/2023 11:16:27	00:07:07	1,00	0,00	0,00	0,00	0,03	55,00	0,00	1,00	0,00	1,55	0,00
05/04/2023 11:16:28	00:07:08	1,00	0,00	0,00	0,00	0,03	56,00	0,00	1,00	0,00	1,24	0,00
05/04/2023 11:16:29	00:07:09	1,00	0,00	0,00	0,00	0,03	56,00	0,00	1,00	0,00	1,04	0,00
05/04/2023 11:16:30	00:07:10	1,00	0,00	0,00	0,00	0,03	56,00	0,00	1,00	0,00	0,91	0,00
05/04/2023 11:16:31	00:07:11	1,00	0,00	0,00	0,00	0,03	54,00	0,00	1,00	0,00	0,86	0,00
05/04/2023 11:16:32	00:07:12	1,00	0,00	0,00	0,00	0,03	55,00	0,00	1,00	1,00	0,80	0,00
05/04/2023 11:16:33	00:07:13	1,00	0,00	0,00	0,00	0,03	56,00	1,00	0,00	1,00	0,76	0,00
05/04/2023 11:16:34	00:07:14	1,00	0,00	0,00	0,00	0,03	56,00	0,00	0,00	0,00	0,78	0,00
05/04/2023 11:16:35	00:07:15	1,00	0,00	0,00	0,00	0,03	56,00	0,00	1,00	0,00	0,80	0,00
05/04/2023 11:16:36	00:07:16	1,00	0,00	0,00	0,00	0,03	56,00	0,00	0,00	0,00	0,86	0,00
05/04/2023 11:16:37	00:07:17	1,00	0,00	0,00	0,00	0,03	52,00	0,00	0,00	0,00	0,95	0,00
05/04/2023 11:16:38	00:07:18	1,00	0,00	0,00	0,00	0,03	55,00	0,00	1,00	0,00	1,14	0,00
05/04/2023 11:16:39	00:07:19	1,00	0,00	0,00	0,00	0,03	56,00	0,00	1,00	0,00	1,45	0,00
05/04/2023 11:16:40	00:07:20	1,00	0,00	0,00	0,00	0,03	56,00	0,00	0,00	0,00	2,07	0,00
05/04/2023 11:16:41	00:07:21	1,00	0,00	0,00	0,00	0,03	56,00	0,00	1,00	0,00	3,10	0,00
05/04/2023 11:16:42	00:07:22	1,00	0,00	0,00	0,00	0,03	52,00	0,00	1,00	0,00	4,98	0,00
05/04/2023 11:16:43	00:07:23	1,00	0,00	0,00	0,00	0,03	55,00	0,00	0,00	0,00	8,34	0,00
05/04/2023 11:16:44	00:07:24	1,00	0,00	0,00	0,00	0,03	55,00	0,00	1,00	0,00	14,21	0,00
05/04/2023 11:16:45	00:07:25	1,00	0,00	0,00	0,00	0,03	56,00	0,00	0,00	0,00	24,73	0,00
05/04/2023 11:16:46	00:07:26	1,00	0,00	0,00	0,00	0,03	56,00	0,00	1,00	0,00	43,04	0,00
05/04/2023 11:16:47	00:07:27	1,00	0,00	0,00	0,00	0,03	52,00	0,00	1,00	0,00	72,72	0,00
05/04/2023 11:16:48	00:07:28	1,00	0,00	0,00	0,00	0,03	55,00	0,00	1,00	0,00	122,92	0,00
05/04/2023 11:16:49	00:07:29	1,00	0,00	0,00	0,00	0,03	55,00	0,00	0,00	0,00	202,01	0,00
05/04/2023 11:16:50	00:07:30	1,00	0,00	0,00	0,00	0,03	56,00	0,00	1,00	0,00	316,98	0,00
05/04/2023 11:16:51	00:07:31	1,00	0,00	0,00	0,00	0,03	56,00	0,00	1,00	0,00	471,23	0,00
05/04/2023 11:16:52	00:07:32	1,00	0,00	0,00	0,00	0,03	52,00	0,00	0,00	0,00	639,34	0,00
05/04/2023 11:16:53	00:07:33	1,00	0,00	0,00	0,00	0,03	55,00	0,00	1,00	0,00	819,14	0,00
05/04/2023 11:16:54	00:07:34	1,00	0,00	0,00	0,00	0,03	55,00	0,00	1,00	0,00	986,78	0,00
05/04/2023 11:16:55	00:07:35	1,00	0,00	0,00	0,00	0,03	55,00	0,00	1,00	0,00	1124,45	0,00
05/04/2023 11:16:56	00:07:36	1,00	0,00	0,00	0,00	0,03	56,00	0,00	1,00	0,00	1219,85	0,00
05/04/2023 11:16:57	00:07:37	1,00	0,00	0,00	0,00	0,03	56,00	0,00	0,00	0,00	1268,80	0,00
05/04/2023 11:16:58	00:07:38	1,00	0,00	0,00	0,00	0,03	56,00	0,00	1,00	0,00	1275,50	0,00
05/04/2023 11:16:59	00:07:39	1,00	0,00	0,00	0,00	0,03	55,00	1,00	1,00	0,00	1243,68	0,00
05/04/2023 11:17:00	00:07:40	1,00	0,00	0,00	0,00	0,03	55,00	0,00	0,00	0,00	1179,65	0,00
05/04/2023 11:17:01	00:07:41	1,00	0,00	0,00	0,00	0,03	56,00	0,00	1,00	0,00	1089,56	0,00
05/04/2023 11:17:02	00:07:42	1,00	0,00	0,00	0,00	0,03	56,00	0,00	1,00	0,00	980,92	0,00
05/04/2023 11:17:03	00:07:43	1,00	0,00	0,00	0,00	0,03	56,00	0,00	1,00	0,00	867,03	0,00
05/04/2023 11:17:04	00:07:44	1,00	0,00	0,00	0,00	0,03	54,00	0,00	1,00	0,00	745,35	0,00
05/04/2023 11:17:05	00:07:45	1,00	0,00	0,00	0,00	0,03	55,00	0,00	0,00	0,00	625,25	0,00
05/04/2023 11:17:06	00:07:46	1,00	0,00	0,00	0,00	0,03	55,00	0,00	1,00	1,00	511,01	0,00
05/04/2023 11:17:07	00:07:47	1,00	0,00	0,00	0,00	0,03	56,00	0,00	1,00	0,00	407,45	0,00
05/04/2023 11:17:08	00:07:48	1,00	0,00	0,00	0,00	0,03	56,00	0,00	1,00	0,00	301,13	0,00
05/04/2023 11:17:09	00:07:49	1,00	0,00	0,00	0,00	0,03	52,00	0,00	1,00	0,00	230,21	0,00
05/04/2023 11:17:10	00:07:50	1,00	0,00	0,00	0,00	0,03	55,00	0,00	1,00	0,00	172,54	0,00
05/04/2023 11:17:11	00:07:51	1,00	0,00	0,00	0,00	0,03	55,00	0,00	0,00	0,00	126,34	0,00
05/04/2023 11:17:12	00:07:52	1,00	0,00	0,00	0,00	0,03	56,00	0,00	1,00	0,00	90,51	0,00
05/04/2023 11:17:13	00:07:53	1,00	0,00	0,00	0,00	0,03	56,00	0,00	1,00	0,00	64,75	0,00
05/04/2023 11:17:14	00:07:54	1,00	0,00	0,00	0,00	0,03	52,00	0,00	0,00	0,00	46,51	0,00
05/04/2023 11:17:15	00:07:55	1,00	0,00	0,00	0,00	0,03	55,00	0,00	1,00	0,00	32,88	0,00
05/04/2023 11:17:16	00:07:56	1,00	0,00	0,00	0,00	0,03	55,00	0,00	1,00	0,00	23,27	0,00
05/04/2023 11:17:17	00:07:57	1,00	0,00	0,00	0,00	0,03	56,00	0,00	1,00	1,00	16,45	0,00
05/04/2023 11:17:18	00:07:58	1,00	0,00	0,00	0,00	0,03	56,00	0,00	0,00	0,00	11,90	0,00
05/04/2023 11:17:19	00:07:59	1,00	0,00	0,00	0,00	0,03	56,00	0,00	1,00	0,00	9,01	0,00
05/04/2023 11:17:20	00:08:00	1,00	0,00	0,00	0,00	0,03	53,00	0,00	1,00	0,00	7,14	0,00
05/04/2023 11:17:21	00:08:01	1,00	0,00	0,00	0,00	0,03	55,00	0,00	0,00	0,00	6,09	0,00
05/04/2023 11:17:22	00:08:02	1,00	0,00	0,00	0,00	0,03	55,00	0,00	1,00	0,00	5,54	0,00
05/04/2023 11:17:23	00:08:03	1,00	0,00	0,00	0,00	0,03	56,00	0,00	0,00	0,00	5,41	0,00
05/04/2023 11:17:24	00:08:04	1,00	0,00	0,00	0,00	0,03	56,00	0,00	1,00	1,00	5,52	0,00
05/04/2023 11:17:25	00:08:05	1,00	0,00	0,00	0,00	0,03	56,00	0,00	1,00	0,00	5,83	0,00
05/04/2023 11:17:26	00:08:06	1,00	0,00	0,00	0,00	0,03	54,00	0,00	1,00	1,00	6,21	0,00
05/04/2023 11:17:27	00:08:07	1,00	0,00	0,00	0,00	0,03	55,00	0,00	1,00	0,00	6,89	0,00
05/04/2023 11:17:28	00:08:08	1,00	0,00	0,00	0,00	0,03	56,00	0,00	0,00	0,00	7,69	0,00
05/04/2023 11:17:29	00:08:09	1,00	0,00	0,00	0,00	0,03	56,00	0,00	0,00	0,00	9,09	0,00
05/04/2023 11:17:30	00:08:10	1,00	0,00	0,00	0,00	0,03	56,00	0,00	1,00	0,00	11,31	0,00
05/04/2023 11:17:31	00:08:11	1,00	0,00	0,00	0,00	0,03	54,00	0,00	1,00	0,00	15,37	0,00
05/04/2023 11:17:32	00:08:12	1,00	0,00	0,00	0,00	0,03	55,00	0,00	0,00	0,00	22,56	0,00
05/04/2023 11:17:33	00:08:13	1,00	0,00	0,00	0,00	0,03	56,00	0,00	0,00	0,00	35,25	0,00
05/04/2023 11:17:34	00:08:14	1,00	0,00	0,00	0,00	0,03	56,00	0,00	0,00	0,00	57,27	0,00
05/04/2023 11:17:35	00:08:15	1,00	0,00	0,00	0,00	0,03	56,00	0,00	1,00	0,00	93,01	0,00
05/04/2023 11:17:36	00:08:16	1,00	0,00	0,00	0,00	0,03	52,00	0,00	0,00	0,00	148,78	0,00
05/04/2023 11:17:37	00:08:17	1,00	0,00	0,00	0,00	0,03	56,00	0,00	0,00	0,00	232,85	0,00
05/04/2023 11:17:38	00:08:18	1,00	0,00	0,00	0,00	0,03	55,00	1,00	1,00	0,00	348,11	0,00
05/04/2023 11:17:39	00:08:19	1,00	0,00	0,00	0,00	0,03	56,00	0,00	1,00	0,00	491,24	0,00
05/04/2023 11:17:40	00:08:20	1,00	0,00	0,00	0,00	0,03	56,00	1,00	1,00	0,00	649,51	0,00
05/04/2023 11:17:41	00:08:21	1,00	0,00	0,00	0,00	0,03	53,00	0,00	0,00	0,00	799,23	0,00
05/04/2023 11:17:42	00:08:22	1,00	0,00	0,00	0,00	0,03	53,00	0,00	1,00	1,00	939,94	0,00
05/04/2023 11:17:43	00:08:23	1,00	0,00	0,00	0,00	0,03	55,00	0,00	0,00	0,00	1053,42	0,00
05/04/2023 11:17:44	00:08:24	1,00	0,00	0,00	0,00	0,03	55,00	0,00	0,00	0,00	1133,48	0,00
05/04/2023 11:17:45	00:08:25	1,00	0,00	0,00	0,00	0,03	56,00	0,00	1,00	0,00	1175,73	0,00
05/04/2023 11:17:46	00:08:26	1,00	0,00	0,00	0,00	0,03	56,00	0,00	0,00	0,00	1181,21	0,00
05/04/2023 11:17:47	00:08:27	1,00	0,00	0,00	0,00	0,03	52,00	0,00	1,00	0,00	1154,33	0,00
05/04/2023 11:17:48	00:08:28	1,00	0,00	0,00	0,00	0,03	55,00	0,00	1,00	0,00	1098,84	0,00
05/04/2023 11:17:49	00:08:29	1,00	0,00	0,00	0,00	0,03	55,00	0,00	1,00	0,00	1017,14	0,00
05/04/2023 11:17:50	00:08:30	1,00	0,00	0,00	0,00	0,03	56,00	0,00	1,00	0,00	917,83	0,00
05/04/2023 11:17:51	00:08:31	1,00	0,00	0,00	0,00	0,03	56,00	0,00	0,00	0,00	807,88	0,00
05/04/2023 11:17:52	00:08:32	1,00	0,00	0,00	0,00	0,03	52,00	0,00	1,00	0,00	698,59	0,00
05/04/2023 11:17:53	00:08:33	1,00	0,00	0,00	0,00	0,03	55,00	0,00	0,00	0,00	586,64	0,00
05/04/2023 11:17:54	00:08:34	1,00	0,00	0,00	0,00	0,03	56,00	0,00	0,00	0,00	479,41	0,00
05/04/2023 11:17:55	00:08:35	1,00	0,00	0,00	0,00	0,03	56,00	0,00	0,00	0,00	385,21	0,00
05/04/2023 11:17:56	00:08:36	1,00	0,00	0,00	0,00	0,03	56,00	0,00	1,00	0,00	301,71	0,00
05/04/2023 11:17:57	00:08:37	1,00	0,00	0,00	0,00	0,03	56,00	0,00	1,00	0,00	234,29	0,00
05/04/2023 11:17:58	00:08:38	1,00	0,00	0,00	0,00	0,03	54,00	0,00	1,00	0,00	178,10	0,00
05/04/2023 11:17:59	00:08:39	1,00	0,00	0,00	0,00	0,03	55,00	0,00	0,00	0,00	132,53	0,00
05/04/2023 11:18:00	00:08:40	1,00	0,00	0,00	0,00	0,03	56,00	0,00	0,00	0,00	98,28	0,00
05/04/2023 11:18:01	00:08:41	1,00	0,00	0,00	0,00	0,03	56,00	0,00	0,00	0,00	71,79	0,00
05/04/2023 11:18:02	00:08:42	1,00	0,00	0,00	0,00	0,03	56,00	0,00	0,00	0,00	52,39	0,00
05/04/2023 11:18:03	00:08:43	1,00	0,00	0,00	0,00	0,03	56,00	0,00	1,00	0,00	39,13	0,00
05/04/2023 11:18:04	00:08:44	1,00	0,00	0,00	0,00	0,03	53,00	0,00	1,00	0,00	29,65	0,00
05/04/2023 11:18:05	00:08:45	1,00	0,00	0,00	0,00	0,03	55,00	0,00	1,00	1,00	23,42	0,00
05/04/2023 11:18:06	00:08:46	1,00	0,00	0,00	0,00	0,03	56,00	0,00	0,00	0,00	19,54	0,00
05/04/2023 11:18:07	00:08:47	1,00	0,00	0,00	0,00	0,03	56,00	0,00	1,00	1,00	17,48	0,00
05/04/2023 11:18:08	00:08:48	1,00	0,00	0,00	0,00	0,03	56,00	0,00	1,00	0,00	16,47	0,00
05/04/2023 11:18:09	00:08:49	1,00	0,00	0,00	0,00	0,03	52,00	0,00	1,00	0,00	16,24	0,00
05/04/2023 11:18:10	00:08:50	1,00	0,00	0,00	0,00	0,03	55,00	0,00	1,00	0,00	16,21	0,00
05/04/2023 11:18:11	00:08:51	1,00	0,00	0,00	0,00	0,03	55,00	0,00	1,00	0,00	16,10	0,00
05/04/2023 11:18:12	00:08:52	1,00	0,00	0,00	0,00	0,03	56,00	0,00	1,00	0,00	15,75	0,00
05/04/2023 11:18:13	00:08:53	1,00	0,00	0,00	0,00	0,03	56,00	0,00	0,00	0,00	15,17	0,00
05/04/2023 11:18:14	00:08:54	1,00	0,00	0,00	0,00	0,03	53,00	0,00	0,00	1,00	14,45	0,00
05/04/2023 11:18:15	00:08:55	1,00	0,00	0,00	0,00	0,03	55,00	0,00	0,00	0,00	13,68	0,00
05/04/2023 11:18:16	00:08:56	1,00	0,00	0,00	0,00	0,03	56,00	0,00	0,00	0,00	12,93	0,00
05/04/2023 11:18:17	00:08:57	1,00	0,00	0,00	0,00	0,03	56,00	0,00	1,00	0,00	12,35	0,00
05/04/2023 11:18:18	00:08:58	1,00	0,00	0,00	0,00	0,03	56,00	0,00	0,00	0,00	11,99	0,00
05/04/2023 11:18:19	00:08:59	1,00	0,00	0,00	0,00	0,03	52,00	0,00	1,00	0,00	11,96	0,00
05/04/2023 11:18:20	00:09:00	1,00	0,00	0,00	0,00	0,03	55,00	0,00	1,00	1,00	12,16	0,00
05/04/2023 11:18:21	00:09:01	1,00	0,00	0,00	0,00	0,03	55,00	0,00	1,00	0,00	12,58	0,00
05/04/2023 11:18:22	00:09:02	1,00	0,00	0,00	0,00	0,03	56,00	0,00	1,00	0,00	13,03	0,00
05/04/2023 11:18:23	00:09:03	1,00	0,00	0,00	0,00	0,03	56,00	0,00	0,00	0,00	13,42	0,00
05/04/2023 11:18:24	00:09:04	1,00	0,00	0,00	0,00	0,03	56,00	0,00	1,00	0,00	13,61	0,00
05/04/2023 11:18:25	00:09:05	1,00	0,00	0,00	0,00	0,03	56,00	0,00	0,00	0,00	13,52	0,00
05/04/2023 11:18:26	00:09:06	1,00	0,00	0,00	0,00	0,03	54,00	0,00	0,00	0,00	13,09	0,00
05/04/2023 11:18:27	00:09:07	1,00	0,00	0,00	0,00	0,03	55,00	0,00	0,00	0,00	12,40	0,00
05/04/2023 11:18:28	00:09:08	1,00	0,00	0,00	0,00	0,03	56,00	0,00	1,00	0,00	11,40	0,00
05/04/2023 11:18:29	00:09:09	1,00	0,00	0,00	0,00	0,03	56,00	0,00	0,00	0,00	10,18	0,00
05/04/2023 11:18:30	00:09:10	1,00	0,00	0,00	0,00	0,03	52,00	0,00	1,00	0,00	9,07	0,00
05/04/2023 11:18:31	00:09:11	1,00	0,00	0,00	0,00	0,03	54,00	0,00	1,00	0,00	7,86	0,00
05/04/2023 11:18:32	00:09:12	1,00	0,00	0,00	0,00	0,03	55,00	0,00	1,00	0,00	6,77	0,00
05/04/2023 11:18:33	00:09:13	1,00	0,00	0,00	0,00	0,03	56,00	0,00	1,00	0,00	5,66	0,00
05/04/2023 11:18:34	00:09:14	1,00	0,00	0,00	0,00	0,03	56,00	0,00	0,00	0,00	4,78	0,00
05/04/2023 11:18:35	00:09:15	1,00	0,00	0,00	0,00	0,03	52,00	0,00	0,00	0,00	4,01	0,00
05/04/2023 11:18:36	00:09:16	1,00	0,00	0,00	0,00	0,03	55,00	0,00	1,00	0,00	3,39	0,00
05/04/2023 11:18:37	00:09:17	1,00	0,00	0,00	0,00	0,03	55,00	0,00	1,00	0,00	2,86	0,00
05/04/2023 11:18:38	00:09:18	1,00	0,00	0,00	0,00	0,03	56,00	0,00	0,00	0,00	2,38	0,00
05/04/2023 11:18:39	00:09:19	1,00	0,00	0,00	0,00	0,03	56,00	0,00	1,00	0,00	2,07	0,00
05/04/2023 11:18:40	00:09:20	1,00	0,00	0,00	0,00	0,03	56,00	0,00	1,00	0,00	1,81	0,00
05/04/2023 11:18:41	00:09:21	1,00	0,00	0,00	0,00	0,03	53,00	0,00	0,00	0,00	1,62	0,00
05/04/2023 11:18:42	00:09:22	1,00	0,00	0,00	0,00	0,03	53,00	0,00	1,00	0,00	1,48	0,00
05/04/2023 11:18:43	00:09:23	1,00	0,00	0,00	0,00	0,03	55,00	1,00	0,00	0,00	1,37	0,00
05/04/2023 11:18:44	00:09:24	1,00	0,00	0,00	0,00	0,03	56,00	0,00	1,00	0,00	1,28	0,00
05/04/2023 11:18:45	00:09:25	1,00	0,00	0,00	0,00	0,03	56,00	0,00	1,00	0,00	1,21	0,00
05/04/2023 11:18:46	00:09:26	1,00	0,00	0,00	0,00	0,03	56,00	0,00	0,00	0,00	1,14	0,00
05/04/2023 11:18:47	00:09:27	1,00	0,00	0,00	0,00	0,03	53,00	0,00	0,00	0,00	1,10	0,00
05/04/2023 11:18:48	00:09:28	1,00	0,00	0,00	0,00	0,03	56,00	0,00	0,00	0,00	1,00	0,00
05/04/2023 11:18:49	00:09:29	1,00	0,00	0,00	0,00	0,03	55,00	0,00	0,00	0,00	1,03	0,00
05/04/2023 11:18:50	00:09:30	1,00	0,00	0,00	0,00	0,03	56,00	0,00	1,00	0,00	1,00	0,00
05/04/2023 11:18:51	00:09:31	1,00	0,00	0,00	0,00	0,03	56,00	0,00	1,00	0,00	0,94	0,00
05/04/2023 11:18:52	00:09:32	1,00	0,00	0,00	0,00	0,03	52,00	0,00	0,00	0,00	0,92	0,00
05/04/2023 11:18:53	00:09:33	1,00	0,00	0,00	0,00	0,03	55,00	1,00	0,00	0,00	0,89	0,00
05/04/2023 11:18:54	00:09:34	1,00	0,00	0,00	0,00	0,03	55,00	0,00	1,00	0,00	0,88	0,00
05/04/2023 11:18:55	00:09:35	1,00	0,00	0,00	0,00	0,03	56,00	0,00	0,00	0,00	0,82	0,00
05/04/2023 11:18:56	00:09:36	1,00	0,00	0,00	0,00	0,03	56,00	0,00	1,00	0,00	0,79	0,00
05/04/2023 11:18:57	00:09:37	1,00	0,00	0,00	0,00	0,03	52,00	0,00	1,00	0,00	0,76	0,00
05/04/2023 11:18:58	00:09:38	1,00	0,00	0,00	0,00	0,03	55,00	0,00	1,00	0,00	0,71	0,00
05/04/2023 11:18:59	00:09:39	1,00	0,00	0,00	0,00	0,03	55,00	0,00	0,00	0,00	0,66	0,00
05/04/2023 11:19:00	00:09:40	1,00	0,00	0,00	0,00	0,03	56,00	0,00	0,00	1,00	0,63	0,00
05/04/2023 11:19:01	00:09:41	1,00	0,00	0,00	0,00	0,03	56,00	0,00	1,00	0,00	0,65	0,00
05/04/2023 11:19:02	00:09:42	1,00	0,00	0,00	0,00	0,03	56,00	0,00	1,00	0,00	0,49	0,00
05/04/2023 11:19:03	00:09:43	1,00	0,00	0,00	0,00	0,03	56,00	0,00	0,00	0,00	0,45	0,00
05/04/2023 11:19:04	00:09:44	1,00	0,00	0,00	0,00	0,03	56,00	0,00	1,00	0,00	0,39	0,00
05/04/2023 11:19:05	00:09:45	1,00	0,00	0,00	0,00	0,03	55,00	0,00	1,00	0,00	0,38	0,00
05/04/2023 11:19:06	00:09:46	1,00	0,00	0,00	0,00	0,03	56,00	1,00	1,00	0,00	0,36	0,00
05/04/2023 11:19:07	00:09:47	1,00	0,00	0,00	0,00	0,03	56,00	0,00	1,00	0,00	0,33	0,00
05/04/2023 11:19:08	00:09:48	1,00	0,00	0,00	0,00	0,03	56,00	0,00	1,00	0,00	0,30	0,00
05/04/2023 11:19:09	00:09:49	1,00	0,00	0,00	0,00	0,03	54,00	0,00	1,00	1,00	0,31	0,00
05/04/2023 11:19:10	00:09:50	1,00	0,00	0,00	0,00	0,03	55,00	0,00	1,00	0,00	0,28	0,00
05/04/2023 11:19:11	00:09:51	1,00	0,00	0,00	0,00	0,03	56,00	0,00	1,00	0,00	0,24	0,00
05/04/2023 11:19:12	00:09:52	1,00	0,00	0,00	0,00	0,03	56,00	0,00	1,00	0,00	0,25	0,00
05/04/2023 11:19:13	00:09:53	1,00	0,00	0,00	0,00	0,03	56,00	0,00	0,00	0,00	0,21	0,00
05/04/2023 11:19:14	00:09:54	1,00	0,00	0,00	0,00	0,03	54,00	0,00	1,00	0,00	0,18	0,00
05/04/2023 11:19:15	00:09:55	1,00	0,00	0,00	0,00	0,03	55,00	0,00	0,00	0,00	0,18	0,00
05/04/2023 11:19:16	00:09:56	1,00	0,00	0,00	0,00	0,03	55,00	0,00	1,00	0,00	0,20	0,00
05/04/2023 11:19:17	00:09:57	1,00	0,00	0,00	0,00	0,03	56,00	0,00	1,00	1,00	0,17	0,00
05/04/2023 11:19:18	00:09:58	1,00	0,00	0,00	0,00	0,03	56,00	0,00	1,00	0,00	0,16	0,00
05/04/2023 11:19:19	00:09:59	1,00	0,00	0,00	0,00	0,03	53,00	0,00	1,00	0,00	0,18	0,00
05/04/2023 11:19:20	00:10:00	1,00	0,00	0,00	0,00	0,03	55,00	0,00	1,00	0,00	0,21	0,00
05/04/2023 11:19:21	00:10:01	1,00	0,00	0,00	0,00	0,03	55,00	0,00	1,00	0,00	0,15	0,00
05/04/2023 11:19:22	00:10:02	1,00	0,00	0,00	0,00	0,03	56,00	0,00	1,00	0,00	0,15	0,00
05/04/2023 11:19:23	00:10:03	1,00	0,00	0,00	0,00	0,03	56,00	0,00	1,00	0,00	0,16	0,00
05/04/2023 11:19:24	00:10:04	1,00	0,00	0,00	0,00	0,03	54,00	0,00	1,00	1,00	0,16	0,00
05/04/2023 11:19:25	00:10:05	1,00	0,00	0,00	0,00	0,03	55,00	0,00	1,00	0,00	0,15	0,00
05/04/2023 11:19:26	00:10:06	1,00	0,00	0,00	0,00	0,03	55,00	0,00	0,00	0,00	0,22	0,00
05/04/2023 11:19:27	00:10:07	1,00	0,00	0,00	0,00	0,03	55,00	0,00	1,00	0,00	0,12	0,00
05/04/2023 11:19:28	00:10:08	1,00	0,00	0,00	0,00	0,03	56,00	1,00	0,00	0,00	0,12	0,00
05/04/2023 11:19:29	00:10:09	1,00	0,00	0,00	0,00	0,03	56,00	0,00	0,00	0,00	0,11	0,00
05/04/2023 11:19:30	00:10:10	1,00	0,00	0,00	0,00	0,03	52,00	0,00	1,00	0,00	0,10	0,00
05/04/2023 11:19:31	00:10:11	1,00	0,00	0,00	0,00	0,03	55,00	0,00	0,00	0,00	0,08	0,00
05/04/2023 11:19:32	00:10:12	1,00	0,00	0,00	0,00	0,03	55,00	0,00	1,00	0,00	0,07	0,00
05/04/2023 11:19:33	00:10:13	1,00	0,00	0,00	0,00	0,03	56,00	0,00	0,00	0,00	0,04	0,00
05/04/2023 11:19:34	00:10:14	1,00	0,00	0,00	0,00	0,03	56,00	0,00	1,00	0,00	0,02	0,00
05/04/2023 11:19:35	00:10:15	1,00	0,00	0,00	0,00	0,03	52,00	0,00	1,00	0,00	0,03	0,00
05/04/2023 11:19:36	00:10:16	1,00	0,00	0,00	0,00	0,03	56,00	0,00	1,00	0,00	0,01	0,00
05/04/2023 11:19:37	00:10:17	1,00	0,00	0,00	0,00	0,03	55,00	0,00	0,00	0,00	0,05	0,00
05/04/2023 11:19:38	00:10:18	1,00	0,00	0,00	0,00	0,03	56,00	0,00	1,00	0,00	0,01	0,00
05/04/2023 11:19:39	00:10:19	1,00	0,00	0,00	0,00	0,03	56,00	0,00	0,00	1,00	-0,00	0,00
05/04/2023 11:19:40	00:10:20	1,00	0,00	0,00	0,00	0,03	56,00	0,00	1,00	0,00	0,01	0,00
05/04/2023 11:19:41	00:10:21	1,00	0,00	0,00	0,00	0,03	55,00	0,00	0,00	1,00	-0,04	0,00
05/04/2023 11:19:42	00:10:22	1,00	0,00	0,00	0,00	0,03	55,00	0,00	1,00	0,00	-0,03	0,00
05/04/2023 11:19:43	00:10:23	1,00	0,00	0,00	0,00	0,03	55,00	0,00	1,00	0,00	-0,04	0,00
05/04/2023 11:19:44	00:10:24	1,00	0,00	0,00	0,00	0,03	56,00	0,00	0,00	0,00	-0,04	0,00
05/04/2023 11:19:45	00:10:25	1,00	0,00	0,00	0,00	0,03	56,00	0,00	1,00	0,00	-0,15	0,00
05/04/2023 11:19:46	00:10:26	1,00	0,00	0,00	0,00	0,03	56,00	0,00	1,00	0,00	-0,07	0,00
05/04/2023 11:19:47	00:10:27	1,00	0,00	0,00	0,00	0,03	53,00	0,00	1,00	0,00	-0,05	0,00
05/04/2023 11:19:48	00:10:28	1,00	0,00	0,00	0,00	0,03	55,00	0,00	0,00	1,00	-0,08	0,00
05/04/2023 11:19:50	00:10:29	1,00	0,00	0,00	0,00	0,03	55,00	0,00	1,00	0,00	-0,07	0,00
05/04/2023 11:19:51	00:10:30	1,00	0,00	0,00	0,00	0,03	56,00	0,00	1,00	0,00	-0,05	0,00
05/04/2023 11:19:52	00:10:31	1,00	0,00	0,00	0,00	0,03	56,00	0,00	1,00	0,00	-0,04	0,00
05/04/2023 11:19:53	00:10:32	1,00	0,00	0,00	0,00	0,03	54,00	0,00	0,00	0,00	-0,05	0,00
05/04/2023 11:19:54	00:10:33	1,00	0,00	0,00	0,00	0,03	56,00	0,00	0,00	0,00	-0,02	0,00
05/04/2023 11:19:55	00:10:34	1,00	0,00	0,00	0,00	0,03	56,00	0,00	1,00	0,00	-0,00	0,00
05/04/2023 11:19:56	00:10:35	1,00	0,00	0,00	0,00	0,03	56,00	0,00	0,00	0,00	0,02	0,00
05/04/2023 11:19:57	00:10:36	1,00	0,00	0,00	0,00	0,03	56,00	0,00	0,00	0,00	-0,01	0,00
05/04/2023 11:19:58	00:10:37	1,00	0,00	0,00	0,00	0,03	54,00	0,00	1,00	0,00	0,03	0,00
05/04/2023 11:19:59	00:10:38	1,00	0,00	0,00	0,00	0,03	55,00	0,00	0,00	0,00	0,01	0,00
05/04/2023 11:20:00	00:10:39	1,00	0,00	0,00	0,00	0,03	56,00	0,00	1,00	0,00	0,02	0,00
05/04/2023 11:20:01	00:10:40	1,00	0,00	0,00	0,00	0,03	56,00	0,00	1,00	0,00	0,07	0,00
05/04/2023 11:20:02	00:10:41	1,00	0,00	0,00	0,00	0,03	56,00	0,00	1,00	0,00	0,03	0,00
05/04/2023 11:20:03	00:10:42	1,00	0,00	0,00	0,00	0,03	56,00	0,00	1,00	0,00	0,01	0,00
05/04/2023 11:20:04	00:10:44	1,00	0,00	0,00	0,00	0,03	52,00	0,00	1,00	0,00	-0,00	0,00
05/04/2023 11:20:05	00:10:45	1,00	0,00	0,00	0,00	0,03	55,00	0,00	1,00	0,00	0,02	0,00
05/04/2023 11:20:06	00:10:46	1,00	0,00	0,00	0,00	0,03	55,00	0,00	1,00	0,00	0,01	0,00
05/04/2023 11:20:07	00:10:47	1,00	0,00	0,00	0,00	0,03	56,00	0,00	1,00	0,00	0,01	0,00
05/04/2023 11:20:08	00:10:48	1,00	0,00	0,00	0,00	0,03	56,00	0,00	1,00	0,00	-0,01	0,00
05/04/2023 11:20:09	00:10:49	1,00	0,00	0,00	0,00	0,03	52,00	0,00	0,00	0,00	-0,03	0,00
05/04/2023 11:20:10	00:10:50	1,00	0,00	0,00	0,00	0,03	56,00	1,00	0,00	0,00	-0,02	0,00
05/04/2023 11:20:11	00:10:51	1,00	0,00	0,00	0,00	0,03	56,00	0,00	0,00	0,00	-0,01	0,00
05/04/2023 11:20:12	00:10:52	1,00	0,00	0,00	0,00	0,03	56,00	0,00	1,00	0,00	-0,01	0,00
05/04/2023 11:20:13	00:10:53	1,00	0,00	0,00	0,00	0,03	56,00	0,00	0,00	1,00	-0,02	0,00
05/04/2023 11:20:14	00:10:54	1,00	0,00	0,00	0,00	0,03	53,00	0,00	0,00	0,00	-0,01	0,00
05/04/2023 11:20:15	00:10:55	1,00	0,00	0,00	0,00	0,03	54,00	0,00	0,00	0,00	-0,03	0,00
05/04/2023 11:20:16	00:10:56	1,00	0,00	0,00	0,00	0,03	55,00	0,00	1,00	1,00	-0,06	0,00
05/04/2023 11:20:17	00:10:57	1,00	0,00	0,00	0,00	0,03	56,00	0,00	0,00	0,00	-0,05	0,00
05/04/2023 11:20:18	00:10:58	1,00	0,00	0,00	0,00	0,03	56,00	0,00	0,00	0,00	0,02	0,00
05/04/2023 11:20:19	00:10:59	1,00	0,00	0,00	0,00	0,03	52,00	0,00	1,00	0,00	-0,04	0,00
05/04/2023 11:20:20	00:11:00	1,00	0,00	0,00	0,00	0,03	54,00	0,00	0,00	0,00	-0,06	0,00
