Date/Time	Elapsed Time	Pump 1 Flow (mL/min)	Pump 2 Flow (mL/min)	Pump 3 Flow (mL/min)	Pump 4 Flow (mL/min)	Coriolis Flow (mL/min)	Pump 1 Pressure (bar)	Pump 2 Pressure (bar)	Pump 3 Pressure (bar)	Pump 4 Pressure (bar)	UV detector 1 (mAU) 	UV detector 2 (mAU)
04/04/2023 16:22:03	00:00:01	1,00	0,00	0,00	0,00	0,03	53,00	0,00	0,00	1,00	-0,01	0,00
04/04/2023 16:22:04	00:00:02	1,00	0,00	0,00	0,00	0,03	54,00	0,00	0,00	0,00	0,04	0,00
04/04/2023 16:22:05	00:00:03	1,00	0,00	0,00	0,00	0,03	55,00	0,00	1,00	0,00	0,09	0,00
04/04/2023 16:22:06	00:00:04	1,00	0,00	0,00	0,00	0,03	55,00	0,00	0,00	0,00	0,21	0,00
04/04/2023 16:22:07	00:00:05	1,00	0,00	0,00	0,00	0,03	55,00	0,00	0,00	1,00	0,13	0,00
04/04/2023 16:22:08	00:00:06	1,00	0,00	0,00	0,00	0,03	53,00	0,00	1,00	0,00	0,24	0,00
04/04/2023 16:22:09	00:00:07	1,00	0,00	0,00	0,00	0,03	54,00	0,00	1,00	0,00	0,25	0,00
04/04/2023 16:22:10	00:00:08	1,00	0,00	0,00	0,00	0,03	55,00	0,00	0,00	0,00	0,24	0,00
04/04/2023 16:22:11	00:00:09	1,00	0,00	0,00	0,00	0,03	55,00	0,00	0,00	0,00	0,28	0,00
04/04/2023 16:22:12	00:00:10	1,00	0,00	0,00	0,00	0,03	55,00	0,00	1,00	0,00	0,30	0,00
04/04/2023 16:22:13	00:00:11	1,00	0,00	0,00	0,00	0,03	55,00	0,00	1,00	0,00	0,30	0,00
04/04/2023 16:22:14	00:00:12	1,00	0,00	0,00	0,00	0,03	52,00	0,00	1,00	0,00	0,34	0,00
04/04/2023 16:22:15	00:00:13	1,00	0,00	0,00	0,00	0,03	55,00	0,00	1,00	0,00	0,37	0,00
04/04/2023 16:22:16	00:00:14	1,00	0,00	0,00	0,00	0,03	55,00	0,00	1,00	0,00	0,39	0,00
04/04/2023 16:22:17	00:00:15	1,00	0,00	0,00	0,00	0,03	55,00	0,00	0,00	1,00	0,41	0,00
04/04/2023 16:22:18	00:00:16	1,00	0,00	0,00	0,00	0,03	55,00	0,00	1,00	0,00	0,39	0,00
04/04/2023 16:22:19	00:00:17	1,00	0,00	0,00	0,00	0,03	51,00	0,00	0,00	0,00	0,39	0,00
04/04/2023 16:22:20	00:00:18	1,00	0,00	0,00	0,00	0,03	55,00	0,00	0,00	0,00	0,43	0,00
04/04/2023 16:22:21	00:00:19	1,00	0,00	0,00	0,00	0,03	55,00	0,00	1,00	0,00	0,41	0,00
04/04/2023 16:22:22	00:00:20	1,00	0,00	0,00	0,00	0,03	55,00	0,00	1,00	0,00	0,38	0,00
04/04/2023 16:22:23	00:00:21	1,00	0,00	0,00	0,00	0,03	55,00	0,00	1,00	0,00	0,42	0,00
04/04/2023 16:22:24	00:00:22	1,00	0,00	0,00	0,00	0,03	52,00	0,00	0,00	0,00	0,40	0,00
04/04/2023 16:22:25	00:00:23	1,00	0,00	0,00	0,00	0,03	55,00	0,00	1,00	0,00	0,41	0,00
04/04/2023 16:22:26	00:00:24	1,00	0,00	0,00	0,00	0,03	54,00	0,00	0,00	0,00	0,45	0,00
04/04/2023 16:22:27	00:00:25	1,00	0,00	0,00	0,00	0,03	55,00	0,00	0,00	0,00	0,42	0,00
04/04/2023 16:22:28	00:00:26	1,00	0,00	0,00	0,00	0,03	55,00	0,00	1,00	0,00	0,42	0,00
04/04/2023 16:22:29	00:00:27	1,00	0,00	0,00	0,00	0,03	52,00	0,00	1,00	0,00	0,44	0,00
04/04/2023 16:22:30	00:00:28	1,00	0,00	0,00	0,00	0,03	53,00	0,00	1,00	0,00	0,45	0,00
04/04/2023 16:22:31	00:00:29	1,00	0,00	0,00	0,00	0,03	55,00	0,00	0,00	0,00	0,48	0,00
04/04/2023 16:22:32	00:00:30	1,00	0,00	0,00	0,00	0,03	55,00	0,00	0,00	0,00	0,46	0,00
04/04/2023 16:22:34	00:00:31	1,00	0,00	0,00	0,00	0,03	55,00	0,00	1,00	0,00	0,50	0,00
04/04/2023 16:22:35	00:00:32	1,00	0,00	0,00	0,00	0,03	52,00	0,00	0,00	0,00	0,47	0,00
04/04/2023 16:22:36	00:00:33	1,00	0,00	0,00	0,00	0,03	52,00	0,00	0,00	0,00	0,51	0,00
04/04/2023 16:22:37	00:00:34	1,00	0,00	0,00	0,00	0,03	54,00	0,00	1,00	0,00	0,51	0,00
04/04/2023 16:22:38	00:00:35	1,00	0,00	0,00	0,00	0,03	55,00	0,00	0,00	0,00	0,54	0,00
04/04/2023 16:22:39	00:00:36	1,00	0,00	0,00	0,00	0,03	55,00	0,00	1,00	0,00	0,61	0,00
04/04/2023 16:22:40	00:00:37	1,00	0,00	0,00	0,00	0,03	55,00	0,00	0,00	0,00	0,58	0,00
04/04/2023 16:22:41	00:00:38	1,00	0,00	0,00	0,00	0,03	55,00	0,00	1,00	0,00	0,61	0,00
04/04/2023 16:22:42	00:00:39	1,00	0,00	0,00	0,00	0,03	53,00	0,00	1,00	0,00	0,64	0,00
04/04/2023 16:22:43	00:00:40	1,00	0,00	0,00	0,00	0,03	54,00	0,00	1,00	0,00	0,66	0,00
04/04/2023 16:22:44	00:00:41	1,00	0,00	0,00	0,00	0,03	55,00	0,00	1,00	0,00	0,69	0,00
04/04/2023 16:22:45	00:00:42	1,00	0,00	0,00	0,00	0,03	55,00	0,00	1,00	0,00	0,71	0,00
04/04/2023 16:22:46	00:00:43	1,00	0,00	0,00	0,00	0,03	55,00	0,00	0,00	0,00	0,67	0,00
04/04/2023 16:22:47	00:00:44	1,00	0,00	0,00	0,00	0,03	53,00	0,00	0,00	0,00	0,68	0,00
04/04/2023 16:22:48	00:00:45	1,00	0,00	0,00	0,00	0,03	55,00	0,00	1,00	0,00	0,68	0,00
04/04/2023 16:22:49	00:00:46	1,00	0,00	0,00	0,00	0,03	54,00	0,00	1,00	0,00	0,72	0,00
04/04/2023 16:22:50	00:00:47	1,00	0,00	0,00	0,00	0,03	55,00	0,00	1,00	0,00	0,71	0,00
04/04/2023 16:22:51	00:00:48	1,00	0,00	0,00	0,00	0,03	55,00	0,00	1,00	0,00	0,68	0,00
04/04/2023 16:22:52	00:00:49	1,00	0,00	0,00	0,00	0,03	51,00	0,00	0,00	0,00	0,68	0,00
04/04/2023 16:22:53	00:00:50	1,00	0,00	0,00	0,00	0,03	55,00	0,00	0,00	0,00	0,70	0,00
04/04/2023 16:22:54	00:00:51	1,00	0,00	0,00	0,00	0,03	55,00	0,00	1,00	0,00	0,70	0,00
04/04/2023 16:22:55	00:00:52	1,00	0,00	0,00	0,00	0,03	54,00	0,00	0,00	0,00	0,65	0,00
04/04/2023 16:22:56	00:00:53	1,00	0,00	0,00	0,00	0,03	55,00	0,00	0,00	0,00	0,63	0,00
04/04/2023 16:22:57	00:00:54	1,00	0,00	0,00	0,00	0,03	55,00	0,00	0,00	0,00	0,57	0,00
04/04/2023 16:22:58	00:00:55	1,00	0,00	0,00	0,00	0,03	52,00	0,00	0,00	0,00	0,58	0,00
04/04/2023 16:22:59	00:00:56	1,00	0,00	0,00	0,00	0,03	54,00	0,00	1,00	0,00	0,35	0,00
04/04/2023 16:23:00	00:00:57	1,00	0,00	0,00	0,00	0,03	54,00	0,00	0,00	0,00	0,50	0,00
04/04/2023 16:23:01	00:00:58	1,00	0,00	0,00	0,00	0,03	55,00	0,00	1,00	0,00	0,48	0,00
04/04/2023 16:23:02	00:00:59	1,00	0,00	0,00	0,00	0,03	55,00	0,00	1,00	0,00	0,46	0,00
04/04/2023 16:23:03	00:01:00	1,00	0,00	0,00	0,00	0,03	55,00	0,00	1,00	0,00	0,31	0,00
04/04/2023 16:23:04	00:01:01	1,00	0,00	0,00	0,00	0,03	53,00	0,00	1,00	0,00	0,42	0,00
04/04/2023 16:23:05	00:01:02	1,00	0,00	0,00	0,00	0,03	54,00	0,00	1,00	0,00	0,43	0,00
04/04/2023 16:23:06	00:01:03	1,00	0,00	0,00	0,00	0,03	55,00	0,00	0,00	1,00	0,42	0,00
04/04/2023 16:23:07	00:01:04	1,00	0,00	0,00	0,00	0,03	55,00	0,00	1,00	0,00	0,43	0,00
04/04/2023 16:23:08	00:01:05	1,00	0,00	0,00	0,00	0,03	55,00	0,00	1,00	0,00	0,41	0,00
04/04/2023 16:23:09	00:01:06	1,00	0,00	0,00	0,00	0,03	53,00	0,00	1,00	0,00	0,42	0,00
04/04/2023 16:23:10	00:01:07	1,00	0,00	0,00	0,00	0,03	55,00	0,00	1,00	0,00	0,42	0,00
04/04/2023 16:23:11	00:01:08	1,00	0,00	0,00	0,00	0,03	55,00	0,00	1,00	0,00	0,51	0,00
04/04/2023 16:23:12	00:01:09	1,00	0,00	0,00	0,00	0,03	55,00	0,00	1,00	0,00	0,47	0,00
04/04/2023 16:23:13	00:01:10	1,00	0,00	0,00	0,00	0,03	55,00	0,00	1,00	1,00	0,42	0,00
04/04/2023 16:23:14	00:01:11	1,00	0,00	0,00	0,00	0,03	53,00	0,00	0,00	0,00	0,33	0,00
04/04/2023 16:23:15	00:01:12	1,00	0,00	0,00	0,00	0,03	54,00	0,00	1,00	0,00	0,29	0,00
04/04/2023 16:23:16	00:01:13	1,00	0,00	0,00	0,00	0,03	54,00	0,00	1,00	0,00	0,30	0,00
04/04/2023 16:23:17	00:01:14	1,00	0,00	0,00	0,00	0,03	55,00	0,00	0,00	0,00	0,28	0,00
04/04/2023 16:23:18	00:01:15	1,00	0,00	0,00	0,00	0,03	55,00	0,00	0,00	0,00	0,24	0,00
04/04/2023 16:23:19	00:01:16	1,00	0,00	0,00	0,00	0,03	55,00	0,00	1,00	0,00	0,25	0,00
04/04/2023 16:23:20	00:01:17	1,00	0,00	0,00	0,00	0,03	55,00	0,00	1,00	0,00	0,26	0,00
04/04/2023 16:23:21	00:01:18	1,00	0,00	0,00	0,00	0,03	55,00	0,00	0,00	0,00	0,30	0,00
04/04/2023 16:23:22	00:01:19	1,00	0,00	0,00	0,00	0,03	54,00	0,00	0,00	0,00	0,28	0,00
04/04/2023 16:23:23	00:01:20	1,00	0,00	0,00	0,00	0,03	55,00	0,00	0,00	0,00	0,28	0,00
04/04/2023 16:23:24	00:01:21	1,00	0,00	0,00	0,00	0,03	55,00	0,00	0,00	0,00	0,30	0,00
04/04/2023 16:23:25	00:01:22	1,00	0,00	0,00	0,00	0,03	52,00	0,00	1,00	0,00	0,34	0,00
04/04/2023 16:23:26	00:01:23	1,00	0,00	0,00	0,00	0,03	55,00	0,00	0,00	1,00	0,33	0,00
04/04/2023 16:23:27	00:01:24	1,00	0,00	0,00	0,00	0,03	55,00	0,00	1,00	0,00	0,35	0,00
04/04/2023 16:23:28	00:01:25	1,00	0,00	0,00	0,00	0,03	55,00	0,00	1,00	0,00	0,34	0,00
04/04/2023 16:23:29	00:01:26	1,00	0,00	0,00	0,00	0,03	55,00	0,00	1,00	0,00	0,34	0,00
04/04/2023 16:23:30	00:01:27	1,00	0,00	0,00	0,00	0,03	52,00	1,00	1,00	0,00	0,41	0,00
04/04/2023 16:23:31	00:01:28	1,00	0,00	0,00	0,00	0,03	53,00	0,00	0,00	0,00	0,40	0,00
04/04/2023 16:23:32	00:01:29	1,00	0,00	0,00	0,00	0,03	55,00	0,00	0,00	0,00	0,43	0,00
04/04/2023 16:23:33	00:01:30	1,00	0,00	0,00	0,00	0,03	55,00	0,00	0,00	1,00	0,47	0,00
04/04/2023 16:23:34	00:01:31	1,00	0,00	0,00	0,00	0,03	55,00	0,00	0,00	0,00	0,59	0,00
04/04/2023 16:23:35	00:01:32	1,00	0,00	0,00	0,00	0,03	52,00	1,00	1,00	0,00	0,73	0,00
04/04/2023 16:23:36	00:01:33	1,00	0,00	0,00	0,00	0,03	55,00	0,00	0,00	0,00	0,91	0,00
04/04/2023 16:23:37	00:01:34	1,00	0,00	0,00	0,00	0,03	55,00	1,00	0,00	0,00	0,95	0,00
04/04/2023 16:23:38	00:01:35	1,00	0,00	0,00	0,00	0,03	55,00	0,00	0,00	0,00	1,11	0,00
04/04/2023 16:23:39	00:01:36	1,00	0,00	0,00	0,00	0,03	55,00	0,00	0,00	0,00	1,23	0,00
04/04/2023 16:23:40	00:01:37	1,00	0,00	0,00	0,00	0,03	55,00	0,00	0,00	0,00	1,44	0,00
04/04/2023 16:23:41	00:01:38	1,00	0,00	0,00	0,00	0,03	52,00	0,00	0,00	0,00	2,65	0,00
04/04/2023 16:23:42	00:01:39	1,00	0,00	0,00	0,00	0,03	55,00	0,00	1,00	0,00	5,25	0,00
04/04/2023 16:23:43	00:01:40	1,00	0,00	0,00	0,00	0,03	55,00	0,00	1,00	0,00	8,37	0,00
04/04/2023 16:23:44	00:01:41	1,00	0,00	0,00	0,00	0,03	55,00	0,00	0,00	1,00	11,59	0,00
04/04/2023 16:23:45	00:01:42	1,00	0,00	0,00	0,00	0,03	55,00	0,00	1,00	0,00	15,12	0,00
04/04/2023 16:23:46	00:01:43	1,00	0,00	0,00	0,00	0,03	55,00	0,00	0,00	0,00	17,67	0,00
04/04/2023 16:23:47	00:01:44	1,00	0,00	0,00	0,00	0,03	53,00	0,00	0,00	0,00	22,09	0,00
04/04/2023 16:23:48	00:01:45	1,00	0,00	0,00	0,00	0,03	55,00	0,00	1,00	0,00	25,81	0,00
04/04/2023 16:23:49	00:01:46	1,00	0,00	0,00	0,00	0,03	55,00	0,00	0,00	0,00	29,77	0,00
04/04/2023 16:23:50	00:01:47	1,00	0,00	0,00	0,00	0,03	55,00	1,00	0,00	0,00	33,42	0,00
04/04/2023 16:23:51	00:01:48	1,00	0,00	0,00	0,00	0,03	55,00	0,00	1,00	0,00	37,26	0,00
04/04/2023 16:23:52	00:01:49	1,00	0,00	0,00	0,00	0,03	53,00	0,00	1,00	0,00	40,00	0,00
04/04/2023 16:23:53	00:01:50	1,00	0,00	0,00	0,00	0,03	55,00	0,00	0,00	0,00	44,80	0,00
04/04/2023 16:23:54	00:01:51	1,00	0,00	0,00	0,00	0,03	54,00	0,00	0,00	0,00	47,68	0,00
04/04/2023 16:23:55	00:01:52	1,00	0,00	0,00	0,00	0,03	54,00	0,00	0,00	0,00	49,41	0,00
04/04/2023 16:23:56	00:01:53	1,00	0,00	0,00	0,00	0,03	55,00	0,00	0,00	0,00	48,86	0,00
04/04/2023 16:23:57	00:01:54	1,00	0,00	0,00	0,00	0,03	55,00	0,00	0,00	0,00	44,70	0,00
04/04/2023 16:23:58	00:01:55	1,00	0,00	0,00	0,00	0,03	53,00	1,00	1,00	0,00	38,10	0,00
04/04/2023 16:23:59	00:01:56	1,00	0,00	0,00	0,00	0,03	55,00	1,00	0,00	0,00	35,82	0,00
04/04/2023 16:24:00	00:01:57	1,00	0,00	0,00	0,00	0,03	55,00	0,00	0,00	0,00	33,40	0,00
04/04/2023 16:24:01	00:01:58	1,00	0,00	0,00	0,00	0,03	55,00	0,00	0,00	0,00	24,05	0,00
04/04/2023 16:24:02	00:01:59	1,00	0,00	0,00	0,00	0,03	55,00	0,00	1,00	0,00	14,30	0,00
04/04/2023 16:24:03	00:02:00	1,00	0,00	0,00	0,00	0,03	52,00	0,00	1,00	0,00	8,62	0,00
04/04/2023 16:24:04	00:02:01	1,00	0,00	0,00	0,00	0,03	54,00	0,00	0,00	1,00	5,79	0,00
04/04/2023 16:24:05	00:02:02	1,00	0,00	0,00	0,00	0,03	54,00	0,00	1,00	1,00	4,07	0,00
04/04/2023 16:24:06	00:02:03	1,00	0,00	0,00	0,00	0,03	55,00	0,00	1,00	0,00	2,99	0,00
04/04/2023 16:24:07	00:02:04	1,00	0,00	0,00	0,00	0,03	55,00	0,00	1,00	0,00	2,42	0,00
04/04/2023 16:24:08	00:02:05	1,00	0,00	0,00	0,00	0,03	52,00	0,00	1,00	0,00	1,90	0,00
04/04/2023 16:24:09	00:02:06	1,00	0,00	0,00	0,00	0,03	55,00	0,00	1,00	0,00	1,55	0,00
04/04/2023 16:24:10	00:02:07	1,00	0,00	0,00	0,00	0,03	55,00	0,00	0,00	0,00	1,41	0,00
04/04/2023 16:24:11	00:02:08	1,00	0,00	0,00	0,00	0,03	55,00	0,00	1,00	0,00	1,44	0,00
04/04/2023 16:24:12	00:02:09	1,00	0,00	0,00	0,00	0,03	55,00	0,00	0,00	0,00	1,55	0,00
04/04/2023 16:24:13	00:02:10	1,00	0,00	0,00	0,00	0,03	55,00	0,00	1,00	1,00	1,35	0,00
04/04/2023 16:24:14	00:02:11	1,00	0,00	0,00	0,00	0,03	52,00	0,00	1,00	0,00	1,09	0,00
04/04/2023 16:24:15	00:02:12	1,00	0,00	0,00	0,00	0,03	55,00	0,00	1,00	0,00	0,92	0,00
04/04/2023 16:24:16	00:02:13	1,00	0,00	0,00	0,00	0,03	55,00	0,00	0,00	0,00	0,81	0,00
04/04/2023 16:24:17	00:02:14	1,00	0,00	0,00	0,00	0,03	55,00	0,00	1,00	0,00	0,67	0,00
04/04/2023 16:24:18	00:02:15	1,00	0,00	0,00	0,00	0,03	55,00	0,00	0,00	0,00	0,58	0,00
04/04/2023 16:24:19	00:02:16	1,00	0,00	0,00	0,00	0,03	52,00	0,00	0,00	0,00	0,52	0,00
04/04/2023 16:24:20	00:02:17	1,00	0,00	0,00	0,00	0,03	53,00	0,00	0,00	0,00	0,46	0,00
04/04/2023 16:24:21	00:02:18	1,00	0,00	0,00	0,00	0,03	55,00	0,00	0,00	0,00	0,44	0,00
04/04/2023 16:24:22	00:02:19	1,00	0,00	0,00	0,00	0,03	55,00	0,00	1,00	0,00	0,40	0,00
04/04/2023 16:24:23	00:02:20	1,00	0,00	0,00	0,00	0,03	55,00	0,00	1,00	0,00	0,35	0,00
04/04/2023 16:24:24	00:02:21	1,00	0,00	0,00	0,00	0,03	52,00	0,00	0,00	0,00	0,35	0,00
04/04/2023 16:24:25	00:02:22	1,00	0,00	0,00	0,00	0,03	53,00	0,00	1,00	0,00	0,35	0,00
04/04/2023 16:24:26	00:02:23	1,00	0,00	0,00	0,00	0,03	55,00	0,00	0,00	0,00	0,34	0,00
04/04/2023 16:24:27	00:02:24	1,00	0,00	0,00	0,00	0,03	55,00	0,00	0,00	0,00	0,16	0,00
04/04/2023 16:24:28	00:02:25	1,00	0,00	0,00	0,00	0,03	55,00	0,00	0,00	0,00	0,34	0,00
04/04/2023 16:24:29	00:02:26	1,00	0,00	0,00	0,00	0,03	55,00	0,00	0,00	0,00	0,32	0,00
04/04/2023 16:24:30	00:02:27	1,00	0,00	0,00	0,00	0,03	53,00	0,00	1,00	0,00	0,33	0,00
04/04/2023 16:24:31	00:02:28	1,00	0,00	0,00	0,00	0,03	55,00	0,00	1,00	0,00	0,32	0,00
04/04/2023 16:24:32	00:02:29	1,00	0,00	0,00	0,00	0,03	55,00	0,00	1,00	0,00	0,36	0,00
04/04/2023 16:24:33	00:02:30	1,00	0,00	0,00	0,00	0,03	55,00	0,00	0,00	0,00	0,40	0,00
04/04/2023 16:24:34	00:02:31	1,00	0,00	0,00	0,00	0,03	55,00	0,00	1,00	0,00	0,43	0,00
04/04/2023 16:24:35	00:02:32	1,00	0,00	0,00	0,00	0,03	53,00	0,00	0,00	0,00	0,47	0,00
04/04/2023 16:24:36	00:02:33	1,00	0,00	0,00	0,00	0,03	53,00	0,00	0,00	0,00	0,58	0,00
04/04/2023 16:24:37	00:02:34	1,00	0,00	0,00	0,00	0,03	55,00	0,00	1,00	0,00	0,62	0,00
04/04/2023 16:24:38	00:02:35	1,00	0,00	0,00	0,00	0,03	54,00	0,00	1,00	0,00	0,73	0,00
04/04/2023 16:24:39	00:02:36	1,00	0,00	0,00	0,00	0,03	55,00	0,00	1,00	0,00	0,83	0,00
04/04/2023 16:24:40	00:02:37	1,00	0,00	0,00	0,00	0,03	55,00	0,00	1,00	0,00	0,90	0,00
04/04/2023 16:24:41	00:02:38	1,00	0,00	0,00	0,00	0,03	52,00	0,00	0,00	1,00	1,01	0,00
04/04/2023 16:24:42	00:02:39	1,00	0,00	0,00	0,00	0,03	55,00	0,00	0,00	1,00	0,87	0,00
04/04/2023 16:24:43	00:02:40	1,00	0,00	0,00	0,00	0,03	55,00	0,00	0,00	0,00	0,53	0,00
04/04/2023 16:24:44	00:02:41	1,00	0,00	0,00	0,00	0,03	55,00	0,00	0,00	0,00	0,03	0,00
04/04/2023 16:24:45	00:02:42	1,00	0,00	0,00	0,00	0,03	55,00	0,00	1,00	0,00	-0,02	0,00
04/04/2023 16:24:46	00:02:43	1,00	0,00	0,00	0,00	0,03	52,00	0,00	1,00	0,00	0,11	0,00
04/04/2023 16:24:47	00:02:44	1,00	0,00	0,00	0,00	0,03	55,00	1,00	0,00	0,00	0,43	0,00
04/04/2023 16:24:48	00:02:45	1,00	0,00	0,00	0,00	0,03	54,00	0,00	1,00	1,00	0,82	0,00
04/04/2023 16:24:49	00:02:46	1,00	0,00	0,00	0,00	0,03	55,00	0,00	0,00	0,00	1,29	0,00
04/04/2023 16:24:50	00:02:47	1,00	0,00	0,00	0,00	0,03	55,00	0,00	1,00	0,00	1,72	0,00
04/04/2023 16:24:51	00:02:48	1,00	0,00	0,00	0,00	0,03	55,00	0,00	1,00	1,00	2,16	0,00
04/04/2023 16:24:52	00:02:49	1,00	0,00	0,00	0,00	0,03	53,00	0,00	0,00	0,00	2,60	0,00
04/04/2023 16:24:53	00:02:50	1,00	0,00	0,00	0,00	0,03	55,00	0,00	0,00	0,00	2,93	0,00
04/04/2023 16:24:54	00:02:51	1,00	0,00	0,00	0,00	0,03	55,00	0,00	0,00	0,00	3,31	0,00
04/04/2023 16:24:55	00:02:52	1,00	0,00	0,00	0,00	0,03	55,00	0,00	1,00	0,00	3,56	0,00
04/04/2023 16:24:56	00:02:53	1,00	0,00	0,00	0,00	0,03	55,00	0,00	0,00	0,00	3,74	0,00
04/04/2023 16:24:57	00:02:54	1,00	0,00	0,00	0,00	0,03	53,00	0,00	1,00	0,00	3,89	0,00
04/04/2023 16:24:58	00:02:55	1,00	0,00	0,00	0,00	0,03	55,00	0,00	1,00	0,00	4,02	0,00
04/04/2023 16:24:59	00:02:56	1,00	0,00	0,00	0,00	0,03	55,00	0,00	0,00	0,00	4,08	0,00
04/04/2023 16:25:00	00:02:57	1,00	0,00	0,00	0,00	0,03	55,00	0,00	1,00	0,00	4,03	0,00
04/04/2023 16:25:01	00:02:58	1,00	0,00	0,00	0,00	0,03	55,00	0,00	1,00	0,00	4,00	0,00
04/04/2023 16:25:02	00:02:59	1,00	0,00	0,00	0,00	0,03	55,00	0,00	1,00	0,00	3,97	0,00
04/04/2023 16:25:03	00:03:00	1,00	0,00	0,00	0,00	0,03	52,00	0,00	1,00	0,00	3,94	0,00
04/04/2023 16:25:04	00:03:01	1,00	0,00	0,00	0,00	0,03	55,00	0,00	1,00	0,00	4,07	0,00
04/04/2023 16:25:05	00:03:02	1,00	0,00	0,00	0,00	0,03	54,00	0,00	0,00	0,00	4,39	0,00
04/04/2023 16:25:06	00:03:03	1,00	0,00	0,00	0,00	0,03	55,00	0,00	1,00	0,00	4,81	0,00
04/04/2023 16:25:07	00:03:04	1,00	0,00	0,00	0,00	0,03	55,00	0,00	0,00	0,00	5,24	0,00
04/04/2023 16:25:08	00:03:05	1,00	0,00	0,00	0,00	0,03	52,00	0,00	0,00	0,00	5,55	0,00
04/04/2023 16:25:09	00:03:06	1,00	0,00	0,00	0,00	0,03	55,00	0,00	1,00	0,00	5,63	0,00
04/04/2023 16:25:10	00:03:07	1,00	0,00	0,00	0,00	0,03	54,00	0,00	0,00	0,00	5,51	0,00
04/04/2023 16:25:11	00:03:08	1,00	0,00	0,00	0,00	0,03	55,00	0,00	1,00	0,00	5,26	0,00
04/04/2023 16:25:12	00:03:09	1,00	0,00	0,00	0,00	0,03	55,00	0,00	1,00	0,00	4,87	0,00
04/04/2023 16:25:13	00:03:10	1,00	0,00	0,00	0,00	0,03	52,00	0,00	1,00	0,00	4,50	0,00
04/04/2023 16:25:14	00:03:11	1,00	0,00	0,00	0,00	0,03	53,00	0,00	1,00	0,00	4,12	0,00
04/04/2023 16:25:15	00:03:12	1,00	0,00	0,00	0,00	0,03	55,00	0,00	0,00	0,00	3,77	0,00
04/04/2023 16:25:16	00:03:13	1,00	0,00	0,00	0,00	0,03	55,00	1,00	1,00	0,00	3,48	0,00
04/04/2023 16:25:17	00:03:14	1,00	0,00	0,00	0,00	0,03	55,00	0,00	0,00	0,00	3,31	0,00
04/04/2023 16:25:18	00:03:15	1,00	0,00	0,00	0,00	0,03	52,00	1,00	0,00	0,00	3,24	0,00
04/04/2023 16:25:19	00:03:16	1,00	0,00	0,00	0,00	0,03	53,00	0,00	0,00	0,00	3,27	0,00
04/04/2023 16:25:20	00:03:17	1,00	0,00	0,00	0,00	0,03	55,00	0,00	1,00	0,00	3,26	0,00
04/04/2023 16:25:21	00:03:18	1,00	0,00	0,00	0,00	0,03	55,00	0,00	1,00	0,00	3,32	0,00
04/04/2023 16:25:22	00:03:19	1,00	0,00	0,00	0,00	0,03	55,00	0,00	0,00	0,00	3,40	0,00
04/04/2023 16:25:23	00:03:20	1,00	0,00	0,00	0,00	0,03	55,00	0,00	0,00	0,00	3,46	0,00
04/04/2023 16:25:24	00:03:21	1,00	0,00	0,00	0,00	0,03	55,00	0,00	1,00	0,00	3,60	0,00
04/04/2023 16:25:25	00:03:22	1,00	0,00	0,00	0,00	0,03	53,00	0,00	1,00	0,00	3,69	0,00
04/04/2023 16:25:26	00:03:24	1,00	0,00	0,00	0,00	0,03	55,00	0,00	1,00	0,00	3,91	0,00
04/04/2023 16:25:27	00:03:25	1,00	0,00	0,00	0,00	0,03	55,00	0,00	1,00	0,00	4,20	0,00
04/04/2023 16:25:28	00:03:26	1,00	0,00	0,00	0,00	0,03	55,00	0,00	1,00	0,00	4,56	0,00
04/04/2023 16:25:29	00:03:27	1,00	0,00	0,00	0,00	0,03	55,00	0,00	0,00	0,00	4,88	0,00
04/04/2023 16:25:30	00:03:28	1,00	0,00	0,00	0,00	0,03	53,00	0,00	1,00	0,00	5,55	0,00
04/04/2023 16:25:31	00:03:29	1,00	0,00	0,00	0,00	0,03	55,00	0,00	1,00	0,00	6,17	0,00
04/04/2023 16:25:32	00:03:30	1,00	0,00	0,00	0,00	0,03	54,00	0,00	1,00	0,00	6,73	0,00
04/04/2023 16:25:33	00:03:31	1,00	0,00	0,00	0,00	0,03	55,00	0,00	1,00	0,00	7,24	0,00
04/04/2023 16:25:34	00:03:32	1,00	0,00	0,00	0,00	0,03	55,00	0,00	0,00	0,00	7,60	0,00
04/04/2023 16:25:35	00:03:33	1,00	0,00	0,00	0,00	0,03	53,00	0,00	1,00	0,00	7,91	0,00
04/04/2023 16:25:36	00:03:34	1,00	0,00	0,00	0,00	0,03	55,00	0,00	1,00	0,00	8,11	0,00
04/04/2023 16:25:37	00:03:35	1,00	0,00	0,00	0,00	0,03	55,00	0,00	0,00	0,00	8,17	0,00
04/04/2023 16:25:38	00:03:36	1,00	0,00	0,00	0,00	0,03	55,00	0,00	1,00	0,00	8,11	0,00
04/04/2023 16:25:39	00:03:37	1,00	0,00	0,00	0,00	0,03	55,00	0,00	0,00	0,00	7,98	0,00
04/04/2023 16:25:40	00:03:38	1,00	0,00	0,00	0,00	0,03	52,00	0,00	0,00	0,00	7,79	0,00
04/04/2023 16:25:41	00:03:39	1,00	0,00	0,00	0,00	0,03	52,00	0,00	0,00	0,00	7,47	0,00
04/04/2023 16:25:42	00:03:40	1,00	0,00	0,00	0,00	0,03	55,00	0,00	0,00	0,00	7,12	0,00
04/04/2023 16:25:43	00:03:41	1,00	0,00	0,00	0,00	0,03	55,00	0,00	1,00	0,00	6,75	0,00
04/04/2023 16:25:44	00:03:42	1,00	0,00	0,00	0,00	0,03	55,00	0,00	0,00	1,00	6,64	0,00
04/04/2023 16:25:45	00:03:43	1,00	0,00	0,00	0,00	0,03	55,00	0,00	0,00	0,00	6,94	0,00
04/04/2023 16:25:46	00:03:44	1,00	0,00	0,00	0,00	0,03	52,00	0,00	0,00	0,00	7,68	0,00
04/04/2023 16:25:47	00:03:45	1,00	0,00	0,00	0,00	0,03	55,00	1,00	0,00	0,00	8,69	0,00
04/04/2023 16:25:48	00:03:46	1,00	0,00	0,00	0,00	0,03	55,00	0,00	0,00	0,00	9,64	0,00
04/04/2023 16:25:49	00:03:47	1,00	0,00	0,00	0,00	0,03	55,00	0,00	0,00	0,00	10,29	0,00
04/04/2023 16:25:50	00:03:48	1,00	0,00	0,00	0,00	0,03	55,00	0,00	0,00	0,00	10,64	0,00
04/04/2023 16:25:51	00:03:49	1,00	0,00	0,00	0,00	0,03	55,00	0,00	1,00	0,00	10,48	0,00
04/04/2023 16:25:53	00:03:50	1,00	0,00	0,00	0,00	0,03	53,00	0,00	0,00	0,00	10,04	0,00
04/04/2023 16:25:54	00:03:51	1,00	0,00	0,00	0,00	0,03	55,00	0,00	1,00	0,00	9,28	0,00
04/04/2023 16:25:55	00:03:52	1,00	0,00	0,00	0,00	0,03	55,00	0,00	0,00	0,00	8,27	0,00
04/04/2023 16:25:56	00:03:53	1,00	0,00	0,00	0,00	0,03	55,00	0,00	1,00	0,00	7,26	0,00
04/04/2023 16:25:57	00:03:54	1,00	0,00	0,00	0,00	0,03	55,00	0,00	1,00	0,00	6,29	0,00
04/04/2023 16:25:58	00:03:55	1,00	0,00	0,00	0,00	0,03	53,00	0,00	0,00	0,00	5,41	0,00
04/04/2023 16:25:59	00:03:56	1,00	0,00	0,00	0,00	0,03	55,00	0,00	1,00	0,00	4,60	0,00
04/04/2023 16:26:00	00:03:57	1,00	0,00	0,00	0,00	0,03	55,00	0,00	1,00	0,00	3,99	0,00
04/04/2023 16:26:01	00:03:58	1,00	0,00	0,00	0,00	0,03	55,00	0,00	0,00	0,00	3,35	0,00
04/04/2023 16:26:02	00:03:59	1,00	0,00	0,00	0,00	0,03	55,00	0,00	0,00	0,00	3,04	0,00
04/04/2023 16:26:03	00:04:00	1,00	0,00	0,00	0,00	0,03	52,00	0,00	1,00	0,00	2,44	0,00
04/04/2023 16:26:04	00:04:01	1,00	0,00	0,00	0,00	0,03	55,00	0,00	0,00	0,00	2,10	0,00
04/04/2023 16:26:05	00:04:02	1,00	0,00	0,00	0,00	0,03	54,00	1,00	0,00	0,00	1,82	0,00
04/04/2023 16:26:06	00:04:03	1,00	0,00	0,00	0,00	0,03	55,00	0,00	0,00	0,00	1,60	0,00
04/04/2023 16:26:07	00:04:04	1,00	0,00	0,00	0,00	0,03	55,00	0,00	1,00	0,00	1,42	0,00
04/04/2023 16:26:08	00:04:05	1,00	0,00	0,00	0,00	0,03	52,00	0,00	1,00	0,00	1,06	0,00
04/04/2023 16:26:09	00:04:06	1,00	0,00	0,00	0,00	0,03	52,00	0,00	1,00	0,00	0,60	0,00
04/04/2023 16:26:10	00:04:07	1,00	0,00	0,00	0,00	0,03	55,00	0,00	0,00	0,00	0,39	0,00
04/04/2023 16:26:11	00:04:08	1,00	0,00	0,00	0,00	0,03	54,00	0,00	0,00	0,00	0,48	0,00
04/04/2023 16:26:12	00:04:09	1,00	0,00	0,00	0,00	0,03	55,00	0,00	0,00	0,00	1,40	0,00
04/04/2023 16:26:13	00:04:10	1,00	0,00	0,00	0,00	0,03	55,00	0,00	1,00	0,00	2,42	0,00
04/04/2023 16:26:14	00:04:11	1,00	0,00	0,00	0,00	0,03	51,00	0,00	0,00	0,00	4,57	0,00
04/04/2023 16:26:15	00:04:12	1,00	0,00	0,00	0,00	0,03	53,00	0,00	0,00	0,00	5,97	0,00
04/04/2023 16:26:16	00:04:13	1,00	0,00	0,00	0,00	0,03	55,00	0,00	1,00	0,00	7,55	0,00
04/04/2023 16:26:17	00:04:14	1,00	0,00	0,00	0,00	0,03	55,00	0,00	0,00	0,00	8,68	0,00
04/04/2023 16:26:18	00:04:15	1,00	0,00	0,00	0,00	0,03	55,00	0,00	1,00	0,00	9,25	0,00
04/04/2023 16:26:19	00:04:16	1,00	0,00	0,00	0,00	0,03	52,00	0,00	1,00	0,00	9,27	0,00
04/04/2023 16:26:20	00:04:17	1,00	0,00	0,00	0,00	0,03	53,00	0,00	1,00	0,00	8,95	0,00
04/04/2023 16:26:21	00:04:18	1,00	0,00	0,00	0,00	0,03	55,00	0,00	0,00	0,00	8,55	0,00
04/04/2023 16:26:22	00:04:19	1,00	0,00	0,00	0,00	0,03	55,00	0,00	0,00	0,00	8,15	0,00
04/04/2023 16:26:23	00:04:20	1,00	0,00	0,00	0,00	0,03	55,00	0,00	0,00	0,00	7,54	0,00
04/04/2023 16:26:24	00:04:21	1,00	0,00	0,00	0,00	0,03	55,00	0,00	0,00	0,00	7,11	0,00
04/04/2023 16:26:25	00:04:22	1,00	0,00	0,00	0,00	0,03	53,00	0,00	1,00	0,00	6,29	0,00
04/04/2023 16:26:26	00:04:23	1,00	0,00	0,00	0,00	0,03	55,00	0,00	1,00	0,00	5,51	0,00
04/04/2023 16:26:27	00:04:24	1,00	0,00	0,00	0,00	0,03	55,00	0,00	1,00	0,00	4,75	0,00
04/04/2023 16:26:28	00:04:25	1,00	0,00	0,00	0,00	0,03	55,00	0,00	1,00	0,00	3,94	0,00
04/04/2023 16:26:29	00:04:26	1,00	0,00	0,00	0,00	0,03	55,00	0,00	0,00	0,00	3,27	0,00
04/04/2023 16:26:30	00:04:27	1,00	0,00	0,00	0,00	0,03	55,00	0,00	0,00	0,00	2,65	0,00
04/04/2023 16:26:31	00:04:28	1,00	0,00	0,00	0,00	0,03	53,00	0,00	1,00	0,00	2,15	0,00
04/04/2023 16:26:32	00:04:29	1,00	0,00	0,00	0,00	0,03	55,00	0,00	0,00	0,00	1,80	0,00
04/04/2023 16:26:33	00:04:30	1,00	0,00	0,00	0,00	0,03	55,00	0,00	1,00	0,00	1,57	0,00
04/04/2023 16:26:34	00:04:31	1,00	0,00	0,00	0,00	0,03	55,00	0,00	1,00	0,00	1,52	0,00
04/04/2023 16:26:35	00:04:32	1,00	0,00	0,00	0,00	0,03	55,00	0,00	1,00	0,00	1,63	0,00
04/04/2023 16:26:36	00:04:33	1,00	0,00	0,00	0,00	0,03	53,00	1,00	1,00	0,00	1,98	0,00
04/04/2023 16:26:37	00:04:34	1,00	0,00	0,00	0,00	0,03	55,00	0,00	1,00	0,00	2,41	0,00
04/04/2023 16:26:38	00:04:35	1,00	0,00	0,00	0,00	0,03	54,00	0,00	1,00	0,00	2,75	0,00
04/04/2023 16:26:39	00:04:36	1,00	0,00	0,00	0,00	0,03	55,00	0,00	1,00	0,00	2,93	0,00
04/04/2023 16:26:40	00:04:37	1,00	0,00	0,00	0,00	0,03	55,00	0,00	1,00	0,00	2,92	0,00
04/04/2023 16:26:41	00:04:38	1,00	0,00	0,00	0,00	0,03	52,00	0,00	1,00	0,00	2,80	0,00
04/04/2023 16:26:42	00:04:39	1,00	0,00	0,00	0,00	0,03	55,00	0,00	1,00	0,00	2,56	0,00
04/04/2023 16:26:43	00:04:40	1,00	0,00	0,00	0,00	0,03	54,00	0,00	1,00	0,00	2,25	0,00
04/04/2023 16:26:44	00:04:41	1,00	0,00	0,00	0,00	0,03	55,00	0,00	0,00	0,00	1,95	0,00
04/04/2023 16:26:45	00:04:42	1,00	0,00	0,00	0,00	0,03	55,00	0,00	0,00	0,00	1,73	0,00
04/04/2023 16:26:46	00:04:43	1,00	0,00	0,00	0,00	0,03	55,00	0,00	0,00	0,00	1,41	0,00
04/04/2023 16:26:47	00:04:44	1,00	0,00	0,00	0,00	0,03	52,00	0,00	1,00	0,00	1,26	0,00
04/04/2023 16:26:48	00:04:45	1,00	0,00	0,00	0,00	0,03	55,00	0,00	0,00	0,00	1,00	0,00
04/04/2023 16:26:49	00:04:46	1,00	0,00	0,00	0,00	0,03	55,00	0,00	1,00	0,00	0,85	0,00
04/04/2023 16:26:50	00:04:47	1,00	0,00	0,00	0,00	0,03	54,00	0,00	1,00	0,00	0,77	0,00
04/04/2023 16:26:51	00:04:48	1,00	0,00	0,00	0,00	0,03	55,00	0,00	0,00	0,00	0,58	0,00
04/04/2023 16:26:52	00:04:49	1,00	0,00	0,00	0,00	0,03	52,00	0,00	1,00	0,00	0,55	0,00
04/04/2023 16:26:53	00:04:50	1,00	0,00	0,00	0,00	0,03	54,00	0,00	1,00	0,00	0,41	0,00
04/04/2023 16:26:54	00:04:51	1,00	0,00	0,00	0,00	0,03	54,00	0,00	0,00	0,00	0,50	0,00
04/04/2023 16:26:55	00:04:52	1,00	0,00	0,00	0,00	0,03	55,00	0,00	0,00	0,00	0,36	0,00
04/04/2023 16:26:56	00:04:53	1,00	0,00	0,00	0,00	0,03	55,00	0,00	0,00	0,00	0,31	0,00
04/04/2023 16:26:57	00:04:54	1,00	0,00	0,00	0,00	0,03	52,00	0,00	1,00	0,00	0,31	0,00
04/04/2023 16:26:58	00:04:55	1,00	0,00	0,00	0,00	0,03	55,00	1,00	0,00	0,00	0,28	0,00
04/04/2023 16:26:59	00:04:56	1,00	0,00	0,00	0,00	0,03	54,00	0,00	1,00	0,00	0,29	0,00
04/04/2023 16:27:00	00:04:57	1,00	0,00	0,00	0,00	0,03	54,00	0,00	1,00	0,00	0,29	0,00
04/04/2023 16:27:01	00:04:58	1,00	0,00	0,00	0,00	0,03	55,00	0,00	1,00	0,00	0,29	0,00
04/04/2023 16:27:02	00:04:59	1,00	0,00	0,00	0,00	0,03	55,00	0,00	0,00	0,00	0,33	0,00
04/04/2023 16:27:03	00:05:00	1,00	0,00	0,00	0,00	0,03	55,00	1,00	0,00	0,00	0,34	0,00
04/04/2023 16:27:04	00:05:01	1,00	0,00	0,00	0,00	0,03	53,00	0,00	1,00	0,00	0,32	0,00
04/04/2023 16:27:05	00:05:02	1,00	0,00	0,00	0,00	0,03	55,00	0,00	1,00	0,00	0,32	0,00
04/04/2023 16:27:06	00:05:03	1,00	0,00	0,00	0,00	0,03	55,00	0,00	0,00	0,00	0,44	0,00
04/04/2023 16:27:07	00:05:04	1,00	0,00	0,00	0,00	0,03	55,00	0,00	1,00	0,00	0,32	0,00
04/04/2023 16:27:08	00:05:05	1,00	0,00	0,00	0,00	0,03	55,00	0,00	0,00	0,00	0,34	0,00
04/04/2023 16:27:09	00:05:06	1,00	0,00	0,00	0,00	0,03	53,00	0,00	0,00	0,00	0,32	0,00
04/04/2023 16:27:10	00:05:07	1,00	0,00	0,00	0,00	0,03	54,00	0,00	0,00	0,00	0,40	0,00
04/04/2023 16:27:11	00:05:08	1,00	0,00	0,00	0,00	0,03	55,00	1,00	0,00	0,00	0,29	0,00
04/04/2023 16:27:12	00:05:09	1,00	0,00	0,00	0,00	0,03	55,00	0,00	1,00	0,00	0,28	0,00
04/04/2023 16:27:13	00:05:10	1,00	0,00	0,00	0,00	0,03	55,00	0,00	1,00	0,00	0,28	0,00
04/04/2023 16:27:14	00:05:11	1,00	0,00	0,00	0,00	0,03	52,00	1,00	0,00	0,00	0,24	0,00
04/04/2023 16:27:15	00:05:12	1,00	0,00	0,00	0,00	0,03	55,00	0,00	1,00	0,00	0,23	0,00
04/04/2023 16:27:16	00:05:13	1,00	0,00	0,00	0,00	0,03	55,00	0,00	0,00	0,00	0,24	0,00
04/04/2023 16:27:17	00:05:14	1,00	0,00	0,00	0,00	0,03	55,00	0,00	1,00	0,00	0,23	0,00
04/04/2023 16:27:18	00:05:15	1,00	0,00	0,00	0,00	0,03	55,00	1,00	1,00	0,00	0,20	0,00
04/04/2023 16:27:19	00:05:16	1,00	0,00	0,00	0,00	0,03	53,00	0,00	1,00	0,00	0,20	0,00
04/04/2023 16:27:20	00:05:17	1,00	0,00	0,00	0,00	0,03	55,00	0,00	1,00	0,00	0,20	0,00
04/04/2023 16:27:21	00:05:18	1,00	0,00	0,00	0,00	0,03	55,00	0,00	0,00	0,00	0,21	0,00
04/04/2023 16:27:22	00:05:19	1,00	0,00	0,00	0,00	0,03	55,00	0,00	1,00	0,00	0,18	0,00
04/04/2023 16:27:23	00:05:20	1,00	0,00	0,00	0,00	0,03	55,00	0,00	1,00	0,00	0,18	0,00
04/04/2023 16:27:24	00:05:21	1,00	0,00	0,00	0,00	0,03	55,00	0,00	1,00	0,00	0,18	0,00
04/04/2023 16:27:25	00:05:22	1,00	0,00	0,00	0,00	0,03	52,00	0,00	0,00	0,00	0,20	0,00
04/04/2023 16:27:26	00:05:23	1,00	0,00	0,00	0,00	0,03	55,00	0,00	0,00	0,00	0,22	0,00
04/04/2023 16:27:27	00:05:24	1,00	0,00	0,00	0,00	0,03	54,00	0,00	1,00	0,00	0,22	0,00
04/04/2023 16:27:28	00:05:25	1,00	0,00	0,00	0,00	0,03	55,00	0,00	1,00	0,00	0,17	0,00
04/04/2023 16:27:29	00:05:26	1,00	0,00	0,00	0,00	0,03	55,00	0,00	1,00	0,00	0,13	0,00
04/04/2023 16:27:30	00:05:27	1,00	0,00	0,00	0,00	0,03	52,00	0,00	1,00	0,00	0,18	0,00
04/04/2023 16:27:31	00:05:28	1,00	0,00	0,00	0,00	0,03	55,00	0,00	0,00	1,00	0,17	0,00
04/04/2023 16:27:32	00:05:29	1,00	0,00	0,00	0,00	0,03	55,00	0,00	1,00	1,00	0,15	0,00
04/04/2023 16:27:33	00:05:30	1,00	0,00	0,00	0,00	0,03	55,00	0,00	0,00	0,00	0,18	0,00
04/04/2023 16:27:34	00:05:31	1,00	0,00	0,00	0,00	0,03	55,00	0,00	0,00	0,00	0,17	0,00
04/04/2023 16:27:35	00:05:32	1,00	0,00	0,00	0,00	0,03	55,00	0,00	1,00	0,00	0,22	0,00
04/04/2023 16:27:36	00:05:33	1,00	0,00	0,00	0,00	0,03	55,00	0,00	1,00	0,00	0,22	0,00
04/04/2023 16:27:37	00:05:34	1,00	0,00	0,00	0,00	0,03	55,00	0,00	0,00	0,00	0,23	0,00
04/04/2023 16:27:38	00:05:35	1,00	0,00	0,00	0,00	0,03	55,00	0,00	0,00	0,00	0,28	0,00
04/04/2023 16:27:39	00:05:36	1,00	0,00	0,00	0,00	0,03	55,00	0,00	0,00	0,00	0,26	0,00
04/04/2023 16:27:40	00:05:37	1,00	0,00	0,00	0,00	0,03	55,00	0,00	1,00	0,00	0,27	0,00
04/04/2023 16:27:41	00:05:38	1,00	0,00	0,00	0,00	0,03	53,00	0,00	0,00	1,00	0,28	0,00
04/04/2023 16:27:42	00:05:39	1,00	0,00	0,00	0,00	0,03	54,00	0,00	0,00	0,00	0,27	0,00
04/04/2023 16:27:43	00:05:40	1,00	0,00	0,00	0,00	0,03	55,00	0,00	1,00	0,00	0,28	0,00
04/04/2023 16:27:44	00:05:41	1,00	0,00	0,00	0,00	0,03	55,00	0,00	0,00	0,00	0,24	0,00
04/04/2023 16:27:45	00:05:42	1,00	0,00	0,00	0,00	0,03	55,00	0,00	0,00	0,00	0,27	0,00
04/04/2023 16:27:46	00:05:43	1,00	0,00	0,00	0,00	0,03	52,00	0,00	0,00	0,00	0,24	0,00
04/04/2023 16:27:47	00:05:44	1,00	0,00	0,00	0,00	0,03	55,00	0,00	0,00	0,00	0,21	0,00
04/04/2023 16:27:48	00:05:45	1,00	0,00	0,00	0,00	0,03	55,00	0,00	1,00	0,00	0,26	0,00
04/04/2023 16:27:49	00:05:46	1,00	0,00	0,00	0,00	0,03	54,00	0,00	1,00	0,00	0,28	0,00
04/04/2023 16:27:50	00:05:47	1,00	0,00	0,00	0,00	0,03	55,00	0,00	0,00	0,00	0,29	0,00
04/04/2023 16:27:51	00:05:48	1,00	0,00	0,00	0,00	0,03	55,00	0,00	0,00	0,00	0,34	0,00
04/04/2023 16:27:52	00:05:49	1,00	0,00	0,00	0,00	0,03	52,00	0,00	1,00	0,00	0,51	0,00
04/04/2023 16:27:53	00:05:50	1,00	0,00	0,00	0,00	0,03	55,00	1,00	0,00	0,00	0,62	0,00
04/04/2023 16:27:54	00:05:51	1,00	0,00	0,00	0,00	0,03	55,00	0,00	0,00	0,00	0,76	0,00
04/04/2023 16:27:55	00:05:52	1,00	0,00	0,00	0,00	0,03	54,00	0,00	1,00	0,00	0,88	0,00
04/04/2023 16:27:56	00:05:53	1,00	0,00	0,00	0,00	0,03	55,00	0,00	0,00	0,00	0,99	0,00
04/04/2023 16:27:57	00:05:54	1,00	0,00	0,00	0,00	0,03	55,00	0,00	0,00	0,00	1,06	0,00
04/04/2023 16:27:58	00:05:55	1,00	0,00	0,00	0,00	0,03	54,00	0,00	0,00	0,00	1,09	0,00
04/04/2023 16:27:59	00:05:56	1,00	0,00	0,00	0,00	0,03	54,00	0,00	0,00	0,00	1,18	0,00
04/04/2023 16:28:00	00:05:57	1,00	0,00	0,00	0,00	0,03	55,00	0,00	0,00	0,00	1,28	0,00
04/04/2023 16:28:01	00:05:58	1,00	0,00	0,00	0,00	0,03	55,00	0,00	1,00	0,00	1,34	0,00
04/04/2023 16:28:02	00:05:59	1,00	0,00	0,00	0,00	0,03	55,00	0,00	1,00	0,00	1,37	0,00
04/04/2023 16:28:03	00:06:00	1,00	0,00	0,00	0,00	0,03	53,00	0,00	1,00	0,00	1,39	0,00
04/04/2023 16:28:04	00:06:01	1,00	0,00	0,00	0,00	0,03	54,00	0,00	0,00	0,00	1,34	0,00
04/04/2023 16:28:05	00:06:02	1,00	0,00	0,00	0,00	0,03	55,00	0,00	0,00	0,00	1,22	0,00
04/04/2023 16:28:06	00:06:03	1,00	0,00	0,00	0,00	0,03	55,00	0,00	1,00	0,00	1,09	0,00
04/04/2023 16:28:07	00:06:04	1,00	0,00	0,00	0,00	0,03	52,00	0,00	0,00	0,00	0,94	0,00
04/04/2023 16:28:08	00:06:05	1,00	0,00	0,00	0,00	0,03	53,00	1,00	1,00	0,00	0,81	0,00
04/04/2023 16:28:09	00:06:06	1,00	0,00	0,00	0,00	0,03	55,00	0,00	0,00	0,00	0,63	0,00
04/04/2023 16:28:10	00:06:07	1,00	0,00	0,00	0,00	0,03	55,00	0,00	0,00	0,00	0,59	0,00
04/04/2023 16:28:11	00:06:08	1,00	0,00	0,00	0,00	0,03	55,00	0,00	1,00	0,00	0,49	0,00
04/04/2023 16:28:12	00:06:09	1,00	0,00	0,00	0,00	0,03	55,00	0,00	0,00	0,00	0,52	0,00
04/04/2023 16:28:13	00:06:10	1,00	0,00	0,00	0,00	0,03	55,00	0,00	0,00	1,00	0,65	0,00
04/04/2023 16:28:14	00:06:11	1,00	0,00	0,00	0,00	0,03	51,00	0,00	1,00	0,00	0,89	0,00
04/04/2023 16:28:15	00:06:12	1,00	0,00	0,00	0,00	0,03	55,00	1,00	1,00	0,00	1,59	0,00
04/04/2023 16:28:16	00:06:13	1,00	0,00	0,00	0,00	0,03	55,00	0,00	1,00	0,00	2,30	0,00
04/04/2023 16:28:17	00:06:14	1,00	0,00	0,00	0,00	0,03	55,00	0,00	0,00	0,00	3,54	0,00
04/04/2023 16:28:18	00:06:15	1,00	0,00	0,00	0,00	0,03	55,00	0,00	0,00	1,00	5,03	0,00
04/04/2023 16:28:19	00:06:16	1,00	0,00	0,00	0,00	0,03	53,00	0,00	1,00	0,00	6,80	0,00
04/04/2023 16:28:20	00:06:17	1,00	0,00	0,00	0,00	0,03	55,00	0,00	0,00	0,00	7,64	0,00
04/04/2023 16:28:21	00:06:18	1,00	0,00	0,00	0,00	0,03	55,00	0,00	0,00	0,00	8,38	0,00
04/04/2023 16:28:22	00:06:19	1,00	0,00	0,00	0,00	0,03	55,00	0,00	0,00	0,00	8,55	0,00
04/04/2023 16:28:23	00:06:20	1,00	0,00	0,00	0,00	0,03	55,00	0,00	1,00	0,00	8,25	0,00
04/04/2023 16:28:24	00:06:21	1,00	0,00	0,00	0,00	0,03	53,00	0,00	0,00	0,00	7,30	0,00
04/04/2023 16:28:25	00:06:22	1,00	0,00	0,00	0,00	0,03	55,00	0,00	1,00	0,00	6,62	0,00
04/04/2023 16:28:26	00:06:23	1,00	0,00	0,00	0,00	0,03	55,00	0,00	1,00	0,00	5,33	0,00
04/04/2023 16:28:27	00:06:24	1,00	0,00	0,00	0,00	0,03	55,00	0,00	1,00	0,00	4,59	0,00
04/04/2023 16:28:28	00:06:25	1,00	0,00	0,00	0,00	0,03	55,00	0,00	0,00	0,00	3,70	0,00
04/04/2023 16:28:29	00:06:26	1,00	0,00	0,00	0,00	0,03	55,00	0,00	0,00	0,00	2,92	0,00
04/04/2023 16:28:30	00:06:27	1,00	0,00	0,00	0,00	0,03	52,00	0,00	0,00	0,00	2,25	0,00
04/04/2023 16:28:31	00:06:28	1,00	0,00	0,00	0,00	0,03	55,00	0,00	1,00	0,00	1,86	0,00
04/04/2023 16:28:32	00:06:29	1,00	0,00	0,00	0,00	0,03	54,00	0,00	1,00	0,00	1,72	0,00
04/04/2023 16:28:33	00:06:30	1,00	0,00	0,00	0,00	0,03	55,00	0,00	1,00	0,00	1,46	0,00
04/04/2023 16:28:34	00:06:31	1,00	0,00	0,00	0,00	0,03	55,00	0,00	1,00	0,00	1,32	0,00
04/04/2023 16:28:35	00:06:32	1,00	0,00	0,00	0,00	0,03	52,00	0,00	1,00	0,00	1,23	0,00
04/04/2023 16:28:36	00:06:33	1,00	0,00	0,00	0,00	0,03	55,00	0,00	1,00	0,00	1,16	0,00
04/04/2023 16:28:37	00:06:34	1,00	0,00	0,00	0,00	0,03	55,00	0,00	1,00	0,00	1,04	0,00
04/04/2023 16:28:38	00:06:35	1,00	0,00	0,00	0,00	0,03	55,00	0,00	0,00	0,00	0,96	0,00
04/04/2023 16:28:39	00:06:36	1,00	0,00	0,00	0,00	0,03	55,00	0,00	0,00	0,00	0,86	0,00
04/04/2023 16:28:40	00:06:37	1,00	0,00	0,00	0,00	0,03	52,00	0,00	1,00	0,00	0,77	0,00
04/04/2023 16:28:41	00:06:38	1,00	0,00	0,00	0,00	0,03	55,00	0,00	1,00	0,00	0,72	0,00
04/04/2023 16:28:42	00:06:39	1,00	0,00	0,00	0,00	0,03	55,00	0,00	1,00	0,00	0,75	0,00
04/04/2023 16:28:43	00:06:40	1,00	0,00	0,00	0,00	0,03	55,00	0,00	1,00	0,00	0,93	0,00
04/04/2023 16:28:44	00:06:41	1,00	0,00	0,00	0,00	0,03	55,00	0,00	0,00	0,00	1,24	0,00
04/04/2023 16:28:45	00:06:42	1,00	0,00	0,00	0,00	0,03	55,00	0,00	0,00	0,00	2,21	0,00
04/04/2023 16:28:46	00:06:43	1,00	0,00	0,00	0,00	0,03	55,00	0,00	1,00	0,00	3,06	0,00
04/04/2023 16:28:47	00:06:45	1,00	0,00	0,00	0,00	0,03	53,00	0,00	0,00	0,00	5,18	0,00
04/04/2023 16:28:48	00:06:46	1,00	0,00	0,00	0,00	0,03	54,00	0,00	1,00	0,00	6,61	0,00
04/04/2023 16:28:49	00:06:47	1,00	0,00	0,00	0,00	0,03	55,00	0,00	1,00	0,00	8,68	0,00
04/04/2023 16:28:50	00:06:48	1,00	0,00	0,00	0,00	0,03	55,00	0,00	1,00	0,00	10,49	0,00
04/04/2023 16:28:51	00:06:49	1,00	0,00	0,00	0,00	0,03	55,00	0,00	0,00	0,00	11,63	0,00
04/04/2023 16:28:52	00:06:50	1,00	0,00	0,00	0,00	0,03	53,00	0,00	0,00	0,00	12,18	0,00
04/04/2023 16:28:53	00:06:51	1,00	0,00	0,00	0,00	0,03	55,00	0,00	1,00	0,00	11,93	0,00
04/04/2023 16:28:54	00:06:52	1,00	0,00	0,00	0,00	0,03	55,00	0,00	0,00	0,00	10,65	0,00
04/04/2023 16:28:55	00:06:53	1,00	0,00	0,00	0,00	0,03	55,00	1,00	0,00	0,00	9,81	0,00
04/04/2023 16:28:56	00:06:54	1,00	0,00	0,00	0,00	0,03	55,00	1,00	0,00	0,00	8,39	0,00
04/04/2023 16:28:57	00:06:55	1,00	0,00	0,00	0,00	0,03	52,00	0,00	1,00	0,00	7,03	0,00
04/04/2023 16:28:58	00:06:56	1,00	0,00	0,00	0,00	0,03	55,00	0,00	1,00	0,00	5,36	0,00
04/04/2023 16:28:59	00:06:57	1,00	0,00	0,00	0,00	0,03	55,00	0,00	0,00	0,00	4,04	0,00
04/04/2023 16:29:00	00:06:58	1,00	0,00	0,00	0,00	0,03	55,00	0,00	1,00	0,00	3,35	0,00
04/04/2023 16:29:01	00:06:59	1,00	0,00	0,00	0,00	0,03	55,00	0,00	1,00	0,00	2,43	0,00
04/04/2023 16:29:02	00:07:00	1,00	0,00	0,00	0,00	0,03	52,00	0,00	0,00	1,00	2,08	0,00
04/04/2023 16:29:03	00:07:01	1,00	0,00	0,00	0,00	0,03	54,00	1,00	1,00	0,00	1,55	0,00
04/04/2023 16:29:04	00:07:02	1,00	0,00	0,00	0,00	0,03	54,00	0,00	0,00	0,00	1,33	0,00
04/04/2023 16:29:05	00:07:03	1,00	0,00	0,00	0,00	0,03	55,00	0,00	0,00	0,00	1,06	0,00
04/04/2023 16:29:06	00:07:04	1,00	0,00	0,00	0,00	0,03	55,00	1,00	0,00	0,00	0,83	0,00
04/04/2023 16:29:07	00:07:05	1,00	0,00	0,00	0,00	0,03	52,00	0,00	1,00	0,00	0,78	0,00
04/04/2023 16:29:08	00:07:06	1,00	0,00	0,00	0,00	0,03	52,00	0,00	0,00	0,00	0,69	0,00
04/04/2023 16:29:09	00:07:07	1,00	0,00	0,00	0,00	0,03	55,00	0,00	1,00	0,00	0,52	0,00
04/04/2023 16:29:10	00:07:08	1,00	0,00	0,00	0,00	0,03	55,00	0,00	1,00	0,00	0,55	0,00
04/04/2023 16:29:11	00:07:09	1,00	0,00	0,00	0,00	0,03	55,00	0,00	1,00	0,00	0,52	0,00
04/04/2023 16:29:12	00:07:10	1,00	0,00	0,00	0,00	0,03	55,00	0,00	0,00	0,00	0,42	0,00
04/04/2023 16:29:13	00:07:11	1,00	0,00	0,00	0,00	0,03	52,00	0,00	1,00	0,00	0,40	0,00
04/04/2023 16:29:14	00:07:12	1,00	0,00	0,00	0,00	0,03	53,00	0,00	0,00	1,00	0,32	0,00
04/04/2023 16:29:15	00:07:13	1,00	0,00	0,00	0,00	0,03	55,00	1,00	1,00	0,00	0,31	0,00
04/04/2023 16:29:16	00:07:14	1,00	0,00	0,00	0,00	0,03	55,00	0,00	1,00	0,00	0,30	0,00
04/04/2023 16:29:18	00:07:15	1,00	0,00	0,00	0,00	0,03	55,00	1,00	0,00	0,00	0,29	0,00
04/04/2023 16:29:19	00:07:16	1,00	0,00	0,00	0,00	0,03	52,00	0,00	0,00	0,00	0,33	0,00
04/04/2023 16:29:20	00:07:17	1,00	0,00	0,00	0,00	0,03	53,00	0,00	1,00	0,00	0,35	0,00
04/04/2023 16:29:21	00:07:18	1,00	0,00	0,00	0,00	0,03	55,00	0,00	0,00	0,00	0,50	0,00
04/04/2023 16:29:22	00:07:19	1,00	0,00	0,00	0,00	0,03	55,00	0,00	1,00	0,00	0,62	0,00
04/04/2023 16:29:23	00:07:20	1,00	0,00	0,00	0,00	0,03	55,00	0,00	1,00	0,00	0,95	0,00
04/04/2023 16:29:24	00:07:21	1,00	0,00	0,00	0,00	0,03	55,00	0,00	0,00	0,00	1,47	0,00
04/04/2023 16:29:25	00:07:22	1,00	0,00	0,00	0,00	0,03	52,00	0,00	1,00	0,00	2,46	0,00
04/04/2023 16:29:26	00:07:23	1,00	0,00	0,00	0,00	0,03	55,00	0,00	1,00	0,00	4,19	0,00
04/04/2023 16:29:27	00:07:24	1,00	0,00	0,00	0,00	0,03	55,00	0,00	0,00	0,00	7,00	0,00
04/04/2023 16:29:28	00:07:25	1,00	0,00	0,00	0,00	0,03	55,00	0,00	1,00	0,00	11,34	0,00
04/04/2023 16:29:29	00:07:26	1,00	0,00	0,00	0,00	0,03	55,00	0,00	1,00	0,00	15,59	0,00
04/04/2023 16:29:30	00:07:27	1,00	0,00	0,00	0,00	0,03	52,00	0,00	0,00	0,00	24,62	0,00
04/04/2023 16:29:31	00:07:28	1,00	0,00	0,00	0,00	0,03	55,00	0,00	1,00	0,00	33,20	0,00
04/04/2023 16:29:32	00:07:29	1,00	0,00	0,00	0,00	0,03	55,00	1,00	1,00	0,00	41,84	0,00
04/04/2023 16:29:33	00:07:30	1,00	0,00	0,00	0,00	0,03	55,00	0,00	0,00	0,00	49,33	0,00
04/04/2023 16:29:34	00:07:31	1,00	0,00	0,00	0,00	0,03	55,00	0,00	0,00	0,00	54,59	0,00
04/04/2023 16:29:35	00:07:32	1,00	0,00	0,00	0,00	0,03	55,00	0,00	0,00	0,00	57,01	0,00
04/04/2023 16:29:36	00:07:33	1,00	0,00	0,00	0,00	0,03	53,00	0,00	1,00	0,00	56,75	0,00
04/04/2023 16:29:37	00:07:34	1,00	0,00	0,00	0,00	0,03	55,00	0,00	0,00	0,00	54,86	0,00
04/04/2023 16:29:38	00:07:35	1,00	0,00	0,00	0,00	0,03	55,00	0,00	0,00	0,00	49,55	0,00
04/04/2023 16:29:39	00:07:36	1,00	0,00	0,00	0,00	0,03	55,00	0,00	1,00	0,00	43,93	0,00
04/04/2023 16:29:40	00:07:37	1,00	0,00	0,00	0,00	0,03	55,00	0,00	1,00	0,00	37,96	0,00
04/04/2023 16:29:41	00:07:38	1,00	0,00	0,00	0,00	0,03	55,00	1,00	0,00	0,00	32,31	0,00
04/04/2023 16:29:42	00:07:39	1,00	0,00	0,00	0,00	0,03	53,00	0,00	1,00	0,00	26,78	0,00
04/04/2023 16:29:43	00:07:40	1,00	0,00	0,00	0,00	0,03	55,00	0,00	1,00	0,00	21,71	0,00
04/04/2023 16:29:44	00:07:41	1,00	0,00	0,00	0,00	0,03	55,00	0,00	0,00	0,00	17,45	0,00
04/04/2023 16:29:45	00:07:42	1,00	0,00	0,00	0,00	0,03	55,00	0,00	1,00	0,00	13,65	0,00
04/04/2023 16:29:46	00:07:43	1,00	0,00	0,00	0,00	0,03	55,00	0,00	0,00	0,00	10,75	0,00
04/04/2023 16:29:47	00:07:44	1,00	0,00	0,00	0,00	0,03	52,00	0,00	1,00	0,00	8,25	0,00
04/04/2023 16:29:48	00:07:45	1,00	0,00	0,00	0,00	0,03	54,00	0,00	0,00	0,00	6,29	0,00
04/04/2023 16:29:49	00:07:46	1,00	0,00	0,00	0,00	0,03	55,00	0,00	1,00	0,00	4,77	0,00
04/04/2023 16:29:50	00:07:47	1,00	0,00	0,00	0,00	0,03	55,00	0,00	0,00	0,00	3,88	0,00
04/04/2023 16:29:51	00:07:48	1,00	0,00	0,00	0,00	0,03	55,00	1,00	1,00	1,00	2,64	0,00
04/04/2023 16:29:52	00:07:49	1,00	0,00	0,00	0,00	0,03	52,00	0,00	1,00	0,00	2,18	0,00
04/04/2023 16:29:53	00:07:50	1,00	0,00	0,00	0,00	0,03	55,00	0,00	1,00	0,00	1,87	0,00
04/04/2023 16:29:54	00:07:51	1,00	0,00	0,00	0,00	0,03	55,00	0,00	0,00	0,00	1,82	0,00
04/04/2023 16:29:55	00:07:52	1,00	0,00	0,00	0,00	0,03	55,00	0,00	1,00	0,00	1,96	0,00
04/04/2023 16:29:56	00:07:53	1,00	0,00	0,00	0,00	0,03	55,00	0,00	0,00	0,00	2,35	0,00
04/04/2023 16:29:57	00:07:54	1,00	0,00	0,00	0,00	0,03	52,00	0,00	0,00	0,00	2,98	0,00
04/04/2023 16:29:58	00:07:55	1,00	0,00	0,00	0,00	0,03	55,00	0,00	0,00	0,00	3,59	0,00
04/04/2023 16:29:59	00:07:56	1,00	0,00	0,00	0,00	0,03	54,00	0,00	0,00	0,00	4,87	0,00
04/04/2023 16:30:00	00:07:57	1,00	0,00	0,00	0,00	0,03	54,00	0,00	0,00	0,00	5,79	0,00
04/04/2023 16:30:01	00:07:58	1,00	0,00	0,00	0,00	0,03	55,00	0,00	0,00	0,00	7,51	0,00
04/04/2023 16:30:02	00:07:59	1,00	0,00	0,00	0,00	0,03	55,00	0,00	0,00	0,00	8,65	0,00
04/04/2023 16:30:03	00:08:00	1,00	0,00	0,00	0,00	0,03	55,00	0,00	1,00	0,00	10,83	0,00
04/04/2023 16:30:04	00:08:01	1,00	0,00	0,00	0,00	0,03	53,00	0,00	0,00	0,00	12,54	0,00
04/04/2023 16:30:05	00:08:02	1,00	0,00	0,00	0,00	0,03	55,00	0,00	0,00	0,00	16,85	0,00
04/04/2023 16:30:06	00:08:03	1,00	0,00	0,00	0,00	0,03	55,00	0,00	1,00	0,00	21,13	0,00
04/04/2023 16:30:07	00:08:04	1,00	0,00	0,00	0,00	0,03	55,00	0,00	1,00	0,00	33,03	0,00
04/04/2023 16:30:08	00:08:05	1,00	0,00	0,00	0,00	0,03	52,00	0,00	1,00	0,00	44,68	0,00
04/04/2023 16:30:09	00:08:06	1,00	0,00	0,00	0,00	0,03	53,00	0,00	1,00	0,00	78,65	0,00
04/04/2023 16:30:10	00:08:07	1,00	0,00	0,00	0,00	0,03	55,00	0,00	1,00	0,00	129,36	0,00
04/04/2023 16:30:11	00:08:08	1,00	0,00	0,00	0,00	0,03	55,00	0,00	0,00	0,00	210,37	0,00
04/04/2023 16:30:12	00:08:09	1,00	0,00	0,00	0,00	0,03	55,00	0,00	0,00	0,00	302,71	0,00
04/04/2023 16:30:13	00:08:10	1,00	0,00	0,00	0,00	0,03	55,00	0,00	1,00	0,00	514,10	0,00
04/04/2023 16:30:14	00:08:11	1,00	0,00	0,00	0,00	0,03	53,00	0,00	1,00	0,00	683,15	0,00
04/04/2023 16:30:15	00:08:12	1,00	0,00	0,00	0,00	0,03	55,00	1,00	1,00	0,00	1011,29	0,00
04/04/2023 16:30:16	00:08:13	1,00	0,00	0,00	0,00	0,03	55,00	0,00	0,00	0,00	1217,84	0,00
04/04/2023 16:30:17	00:08:14	1,00	0,00	0,00	0,00	0,03	55,00	0,00	1,00	0,00	1462,31	0,00
04/04/2023 16:30:18	00:08:15	1,00	0,00	0,00	0,00	0,03	55,00	0,00	0,00	0,00	1651,60	0,00
04/04/2023 16:30:19	00:08:16	1,00	0,00	0,00	0,00	0,03	55,00	0,00	1,00	0,00	1771,67	0,00
04/04/2023 16:30:20	00:08:17	1,00	0,00	0,00	0,00	0,03	53,00	0,00	0,00	0,00	1855,02	0,00
04/04/2023 16:30:21	00:08:18	1,00	0,00	0,00	0,00	0,03	54,00	0,00	0,00	0,00	1877,49	0,00
04/04/2023 16:30:22	00:08:19	1,00	0,00	0,00	0,00	0,03	54,00	0,00	1,00	0,00	1873,88	0,00
04/04/2023 16:30:23	00:08:20	1,00	0,00	0,00	0,00	0,03	55,00	0,00	1,00	0,00	1855,10	0,00
04/04/2023 16:30:24	00:08:21	1,00	0,00	0,00	0,00	0,03	55,00	0,00	0,00	0,00	1784,56	0,00
04/04/2023 16:30:25	00:08:22	1,00	0,00	0,00	0,00	0,03	53,00	0,00	0,00	0,00	1717,27	0,00
04/04/2023 16:30:26	00:08:23	1,00	0,00	0,00	0,00	0,03	55,00	0,00	0,00	0,00	1595,66	0,00
04/04/2023 16:30:27	00:08:24	1,00	0,00	0,00	0,00	0,03	55,00	0,00	1,00	1,00	1392,05	0,00
04/04/2023 16:30:28	00:08:25	1,00	0,00	0,00	0,00	0,03	55,00	0,00	0,00	0,00	1254,88	0,00
04/04/2023 16:30:29	00:08:26	1,00	0,00	0,00	0,00	0,03	55,00	0,00	0,00	0,00	1011,90	0,00
04/04/2023 16:30:30	00:08:27	1,00	0,00	0,00	0,00	0,03	52,00	0,00	1,00	0,00	877,09	0,00
04/04/2023 16:30:31	00:08:28	1,00	0,00	0,00	0,00	0,03	55,00	0,00	1,00	0,00	656,18	0,00
04/04/2023 16:30:32	00:08:29	1,00	0,00	0,00	0,00	0,03	55,00	0,00	0,00	0,00	505,32	0,00
04/04/2023 16:30:33	00:08:30	1,00	0,00	0,00	0,00	0,03	55,00	0,00	0,00	0,00	378,59	0,00
04/04/2023 16:30:34	00:08:31	1,00	0,00	0,00	0,00	0,03	55,00	0,00	0,00	0,00	302,07	0,00
04/04/2023 16:30:35	00:08:32	1,00	0,00	0,00	0,00	0,03	52,00	0,00	1,00	0,00	203,58	0,00
04/04/2023 16:30:36	00:08:33	1,00	0,00	0,00	0,00	0,03	55,00	0,00	1,00	0,00	159,28	0,00
04/04/2023 16:30:37	00:08:34	1,00	0,00	0,00	0,00	0,03	55,00	0,00	0,00	0,00	103,28	0,00
04/04/2023 16:30:38	00:08:35	1,00	0,00	0,00	0,00	0,03	55,00	0,00	1,00	0,00	79,54	0,00
04/04/2023 16:30:39	00:08:36	1,00	0,00	0,00	0,00	0,03	55,00	0,00	0,00	0,00	50,94	0,00
04/04/2023 16:30:40	00:08:37	1,00	0,00	0,00	0,00	0,03	55,00	0,00	0,00	0,00	39,54	0,00
04/04/2023 16:30:41	00:08:38	1,00	0,00	0,00	0,00	0,03	55,00	0,00	1,00	0,00	26,58	0,00
04/04/2023 16:30:42	00:08:39	1,00	0,00	0,00	0,00	0,03	53,00	0,00	0,00	0,00	21,35	0,00
04/04/2023 16:30:43	00:08:40	1,00	0,00	0,00	0,00	0,03	54,00	0,00	1,00	0,00	15,21	0,00
04/04/2023 16:30:44	00:08:41	1,00	0,00	0,00	0,00	0,03	55,00	0,00	0,00	0,00	12,82	0,00
04/04/2023 16:30:45	00:08:42	1,00	0,00	0,00	0,00	0,03	55,00	0,00	0,00	0,00	10,15	0,00
04/04/2023 16:30:46	00:08:43	1,00	0,00	0,00	0,00	0,03	55,00	0,00	1,00	0,00	9,20	0,00
04/04/2023 16:30:47	00:08:44	1,00	0,00	0,00	0,00	0,03	53,00	0,00	0,00	0,00	8,18	0,00
04/04/2023 16:30:48	00:08:45	1,00	0,00	0,00	0,00	0,03	55,00	0,00	1,00	0,00	7,84	0,00
04/04/2023 16:30:49	00:08:46	1,00	0,00	0,00	0,00	0,03	55,00	0,00	0,00	0,00	7,51	0,00
04/04/2023 16:30:50	00:08:47	1,00	0,00	0,00	0,00	0,03	55,00	1,00	0,00	0,00	7,37	0,00
04/04/2023 16:30:51	00:08:48	1,00	0,00	0,00	0,00	0,03	55,00	0,00	0,00	0,00	7,40	0,00
04/04/2023 16:30:52	00:08:49	1,00	0,00	0,00	0,00	0,03	53,00	0,00	1,00	0,00	7,36	0,00
04/04/2023 16:30:53	00:08:50	1,00	0,00	0,00	0,00	0,03	55,00	0,00	0,00	0,00	7,28	0,00
04/04/2023 16:30:54	00:08:51	1,00	0,00	0,00	0,00	0,03	55,00	0,00	1,00	0,00	7,17	0,00
04/04/2023 16:30:55	00:08:52	1,00	0,00	0,00	0,00	0,03	55,00	0,00	0,00	0,00	7,00	0,00
04/04/2023 16:30:56	00:08:53	1,00	0,00	0,00	0,00	0,03	55,00	0,00	0,00	0,00	6,83	0,00
04/04/2023 16:30:57	00:08:54	1,00	0,00	0,00	0,00	0,03	52,00	0,00	0,00	0,00	6,59	0,00
04/04/2023 16:30:58	00:08:55	1,00	0,00	0,00	0,00	0,03	55,00	0,00	1,00	0,00	6,39	0,00
04/04/2023 16:30:59	00:08:56	1,00	0,00	0,00	0,00	0,03	55,00	0,00	1,00	0,00	6,20	0,00
04/04/2023 16:31:00	00:08:57	1,00	0,00	0,00	0,00	0,03	55,00	0,00	0,00	0,00	6,06	0,00
04/04/2023 16:31:01	00:08:58	1,00	0,00	0,00	0,00	0,03	55,00	0,00	1,00	0,00	5,86	0,00
04/04/2023 16:31:02	00:08:59	1,00	0,00	0,00	0,00	0,03	55,00	0,00	0,00	0,00	5,69	0,00
04/04/2023 16:31:03	00:09:00	1,00	0,00	0,00	0,00	0,03	51,00	0,00	0,00	0,00	5,53	0,00
04/04/2023 16:31:04	00:09:01	1,00	0,00	0,00	0,00	0,03	55,00	0,00	0,00	0,00	5,24	0,00
04/04/2023 16:31:05	00:09:02	1,00	0,00	0,00	0,00	0,03	54,00	0,00	0,00	0,00	5,01	0,00
04/04/2023 16:31:06	00:09:03	1,00	0,00	0,00	0,00	0,03	55,00	0,00	0,00	0,00	4,64	0,00
04/04/2023 16:31:07	00:09:04	1,00	0,00	0,00	0,00	0,03	55,00	0,00	0,00	0,00	4,37	0,00
04/04/2023 16:31:08	00:09:05	1,00	0,00	0,00	0,00	0,03	52,00	0,00	1,00	1,00	4,01	0,00
04/04/2023 16:31:09	00:09:06	1,00	0,00	0,00	0,00	0,03	53,00	0,00	1,00	0,00	3,84	0,00
04/04/2023 16:31:10	00:09:07	1,00	0,00	0,00	0,00	0,03	55,00	0,00	0,00	0,00	3,36	0,00
04/04/2023 16:31:11	00:09:08	1,00	0,00	0,00	0,00	0,03	55,00	0,00	0,00	0,00	3,17	0,00
04/04/2023 16:31:12	00:09:09	1,00	0,00	0,00	0,00	0,03	55,00	0,00	1,00	0,00	2,93	0,00
04/04/2023 16:31:13	00:09:10	1,00	0,00	0,00	0,00	0,03	52,00	0,00	1,00	0,00	2,71	0,00
04/04/2023 16:31:14	00:09:11	1,00	0,00	0,00	0,00	0,03	53,00	0,00	1,00	0,00	2,55	0,00
04/04/2023 16:31:15	00:09:12	1,00	0,00	0,00	0,00	0,03	55,00	0,00	1,00	1,00	2,43	0,00
04/04/2023 16:31:16	00:09:13	1,00	0,00	0,00	0,00	0,03	55,00	0,00	1,00	0,00	2,30	0,00
04/04/2023 16:31:17	00:09:14	1,00	0,00	0,00	0,00	0,03	55,00	0,00	0,00	0,00	2,23	0,00
04/04/2023 16:31:18	00:09:15	1,00	0,00	0,00	0,00	0,03	52,00	0,00	0,00	0,00	2,11	0,00
04/04/2023 16:31:19	00:09:16	1,00	0,00	0,00	0,00	0,03	52,00	0,00	0,00	0,00	2,04	0,00
04/04/2023 16:31:20	00:09:17	1,00	0,00	0,00	0,00	0,03	54,00	0,00	1,00	0,00	1,97	0,00
04/04/2023 16:31:21	00:09:18	1,00	0,00	0,00	0,00	0,03	55,00	0,00	1,00	0,00	1,91	0,00
04/04/2023 16:31:22	00:09:19	1,00	0,00	0,00	0,00	0,03	55,00	0,00	1,00	1,00	1,83	0,00
04/04/2023 16:31:23	00:09:20	1,00	0,00	0,00	0,00	0,03	55,00	0,00	1,00	0,00	1,70	0,00
04/04/2023 16:31:24	00:09:21	1,00	0,00	0,00	0,00	0,03	55,00	0,00	0,00	0,00	1,64	0,00
04/04/2023 16:31:25	00:09:22	1,00	0,00	0,00	0,00	0,03	53,00	0,00	0,00	0,00	1,51	0,00
04/04/2023 16:31:26	00:09:23	1,00	0,00	0,00	0,00	0,03	55,00	0,00	0,00	0,00	1,43	0,00
04/04/2023 16:31:27	00:09:24	1,00	0,00	0,00	0,00	0,03	55,00	0,00	1,00	0,00	1,29	0,00
04/04/2023 16:31:28	00:09:25	1,00	0,00	0,00	0,00	0,03	55,00	0,00	0,00	0,00	1,18	0,00
04/04/2023 16:31:29	00:09:26	1,00	0,00	0,00	0,00	0,03	55,00	0,00	1,00	0,00	1,10	0,00
04/04/2023 16:31:30	00:09:27	1,00	0,00	0,00	0,00	0,03	53,00	0,00	1,00	0,00	0,98	0,00
04/04/2023 16:31:31	00:09:28	1,00	0,00	0,00	0,00	0,03	55,00	0,00	0,00	0,00	0,93	0,00
04/04/2023 16:31:32	00:09:29	1,00	0,00	0,00	0,00	0,03	55,00	0,00	1,00	0,00	0,87	0,00
04/04/2023 16:31:33	00:09:30	1,00	0,00	0,00	0,00	0,03	55,00	0,00	0,00	0,00	0,76	0,00
04/04/2023 16:31:34	00:09:31	1,00	0,00	0,00	0,00	0,03	55,00	0,00	1,00	0,00	0,72	0,00
04/04/2023 16:31:35	00:09:32	1,00	0,00	0,00	0,00	0,03	55,00	0,00	0,00	0,00	0,65	0,00
04/04/2023 16:31:36	00:09:33	1,00	0,00	0,00	0,00	0,03	53,00	0,00	1,00	0,00	0,64	0,00
04/04/2023 16:31:37	00:09:34	1,00	0,00	0,00	0,00	0,03	55,00	0,00	0,00	0,00	0,57	0,00
04/04/2023 16:31:38	00:09:35	1,00	0,00	0,00	0,00	0,03	55,00	0,00	1,00	0,00	0,56	0,00
04/04/2023 16:31:39	00:09:36	1,00	0,00	0,00	0,00	0,03	55,00	0,00	0,00	0,00	0,53	0,00
04/04/2023 16:31:40	00:09:37	1,00	0,00	0,00	0,00	0,03	55,00	1,00	1,00	0,00	0,51	0,00
04/04/2023 16:31:41	00:09:38	1,00	0,00	0,00	0,00	0,03	52,00	0,00	1,00	0,00	0,49	0,00
04/04/2023 16:31:42	00:09:39	1,00	0,00	0,00	0,00	0,03	55,00	0,00	0,00	1,00	0,45	0,00
04/04/2023 16:31:43	00:09:40	1,00	0,00	0,00	0,00	0,03	55,00	0,00	1,00	0,00	0,48	0,00
04/04/2023 16:31:44	00:09:41	1,00	0,00	0,00	0,00	0,03	55,00	0,00	1,00	0,00	0,46	0,00
04/04/2023 16:31:45	00:09:42	1,00	0,00	0,00	0,00	0,03	55,00	0,00	0,00	0,00	0,43	0,00
04/04/2023 16:31:46	00:09:43	1,00	0,00	0,00	0,00	0,03	52,00	0,00	1,00	0,00	0,43	0,00
04/04/2023 16:31:47	00:09:44	1,00	0,00	0,00	0,00	0,03	55,00	0,00	0,00	0,00	0,45	0,00
04/04/2023 16:31:48	00:09:45	1,00	0,00	0,00	0,00	0,03	54,00	0,00	1,00	0,00	0,41	0,00
04/04/2023 16:31:49	00:09:46	1,00	0,00	0,00	0,00	0,03	55,00	0,00	1,00	0,00	0,39	0,00
04/04/2023 16:31:50	00:09:47	1,00	0,00	0,00	0,00	0,03	55,00	1,00	1,00	0,00	0,38	0,00
04/04/2023 16:31:51	00:09:48	1,00	0,00	0,00	0,00	0,03	52,00	0,00	1,00	0,00	0,39	0,00
04/04/2023 16:31:52	00:09:49	1,00	0,00	0,00	0,00	0,03	54,00	0,00	0,00	0,00	0,37	0,00
04/04/2023 16:31:53	00:09:50	1,00	0,00	0,00	0,00	0,03	54,00	0,00	1,00	0,00	0,37	0,00
04/04/2023 16:31:54	00:09:51	1,00	0,00	0,00	0,00	0,03	55,00	0,00	1,00	0,00	0,34	0,00
04/04/2023 16:31:55	00:09:52	1,00	0,00	0,00	0,00	0,03	55,00	0,00	0,00	0,00	0,28	0,00
04/04/2023 16:31:56	00:09:53	1,00	0,00	0,00	0,00	0,03	55,00	0,00	0,00	0,00	0,33	0,00
04/04/2023 16:31:57	00:09:54	1,00	0,00	0,00	0,00	0,03	55,00	0,00	0,00	0,00	0,30	0,00
04/04/2023 16:31:58	00:09:55	1,00	0,00	0,00	0,00	0,03	53,00	1,00	0,00	0,00	0,30	0,00
04/04/2023 16:31:59	00:09:56	1,00	0,00	0,00	0,00	0,03	54,00	0,00	0,00	0,00	0,30	0,00
04/04/2023 16:32:00	00:09:57	1,00	0,00	0,00	0,00	0,03	55,00	0,00	0,00	0,00	0,26	0,00
04/04/2023 16:32:01	00:09:58	1,00	0,00	0,00	0,00	0,03	55,00	0,00	0,00	0,00	0,23	0,00
04/04/2023 16:32:02	00:09:59	1,00	0,00	0,00	0,00	0,03	55,00	0,00	0,00	0,00	0,22	0,00
04/04/2023 16:32:03	00:10:00	1,00	0,00	0,00	0,00	0,03	53,00	0,00	0,00	0,00	0,21	0,00
04/04/2023 16:32:04	00:10:01	1,00	0,00	0,00	0,00	0,03	55,00	0,00	0,00	0,00	0,22	0,00
04/04/2023 16:32:05	00:10:02	1,00	0,00	0,00	0,00	0,03	55,00	0,00	1,00	0,00	0,18	0,00
04/04/2023 16:32:06	00:10:03	1,00	0,00	0,00	0,00	0,03	55,00	0,00	1,00	0,00	0,18	0,00
04/04/2023 16:32:07	00:10:04	1,00	0,00	0,00	0,00	0,03	55,00	0,00	1,00	0,00	0,12	0,00
04/04/2023 16:32:08	00:10:05	1,00	0,00	0,00	0,00	0,03	51,00	0,00	0,00	0,00	0,10	0,00
04/04/2023 16:32:09	00:10:06	1,00	0,00	0,00	0,00	0,03	55,00	0,00	0,00	0,00	0,13	0,00
04/04/2023 16:32:10	00:10:07	1,00	0,00	0,00	0,00	0,03	55,00	0,00	0,00	0,00	0,21	0,00
04/04/2023 16:32:11	00:10:08	1,00	0,00	0,00	0,00	0,03	55,00	0,00	0,00	0,00	0,07	0,00
04/04/2023 16:32:12	00:10:10	1,00	0,00	0,00	0,00	0,03	55,00	0,00	1,00	0,00	0,07	0,00
04/04/2023 16:32:13	00:10:11	1,00	0,00	0,00	0,00	0,03	53,00	0,00	1,00	0,00	0,05	0,00
04/04/2023 16:32:14	00:10:12	1,00	0,00	0,00	0,00	0,03	55,00	0,00	0,00	0,00	0,06	0,00
04/04/2023 16:32:15	00:10:13	1,00	0,00	0,00	0,00	0,03	54,00	0,00	1,00	0,00	0,05	0,00
04/04/2023 16:32:16	00:10:14	1,00	0,00	0,00	0,00	0,03	54,00	0,00	1,00	1,00	0,05	0,00
04/04/2023 16:32:17	00:10:15	1,00	0,00	0,00	0,00	0,03	55,00	0,00	0,00	0,00	0,02	0,00
04/04/2023 16:32:18	00:10:16	1,00	0,00	0,00	0,00	0,03	55,00	0,00	1,00	0,00	0,00	0,00
04/04/2023 16:32:19	00:10:17	1,00	0,00	0,00	0,00	0,03	52,00	1,00	0,00	0,00	-0,01	0,00
04/04/2023 16:32:20	00:10:18	1,00	0,00	0,00	0,00	0,03	55,00	0,00	1,00	0,00	0,04	0,00
04/04/2023 16:32:21	00:10:19	1,00	0,00	0,00	0,00	0,03	55,00	0,00	1,00	0,00	0,01	0,00
04/04/2023 16:32:22	00:10:20	1,00	0,00	0,00	0,00	0,03	55,00	0,00	0,00	0,00	0,01	0,00
04/04/2023 16:32:23	00:10:21	1,00	0,00	0,00	0,00	0,03	55,00	0,00	1,00	0,00	-0,04	0,00
04/04/2023 16:32:24	00:10:22	1,00	0,00	0,00	0,00	0,03	52,00	0,00	1,00	0,00	-0,01	0,00
04/04/2023 16:32:25	00:10:23	1,00	0,00	0,00	0,00	0,03	55,00	0,00	1,00	0,00	-0,04	0,00
04/04/2023 16:32:26	00:10:24	1,00	0,00	0,00	0,00	0,03	55,00	0,00	0,00	0,00	-0,07	0,00
04/04/2023 16:32:27	00:10:25	1,00	0,00	0,00	0,00	0,03	55,00	0,00	1,00	0,00	-0,06	0,00
04/04/2023 16:32:28	00:10:26	1,00	0,00	0,00	0,00	0,03	55,00	0,00	1,00	0,00	-0,10	0,00
04/04/2023 16:32:29	00:10:27	1,00	0,00	0,00	0,00	0,03	52,00	0,00	1,00	0,00	-0,12	0,00
04/04/2023 16:32:30	00:10:28	1,00	0,00	0,00	0,00	0,03	55,00	0,00	0,00	0,00	-0,11	0,00
04/04/2023 16:32:31	00:10:29	1,00	0,00	0,00	0,00	0,03	54,00	0,00	0,00	0,00	-0,10	0,00
04/04/2023 16:32:32	00:10:30	1,00	0,00	0,00	0,00	0,03	55,00	1,00	1,00	0,00	-0,12	0,00
04/04/2023 16:32:33	00:10:31	1,00	0,00	0,00	0,00	0,03	55,00	0,00	0,00	0,00	-0,09	0,00
04/04/2023 16:32:34	00:10:32	1,00	0,00	0,00	0,00	0,03	55,00	0,00	1,00	1,00	-0,12	0,00
04/04/2023 16:32:35	00:10:33	1,00	0,00	0,00	0,00	0,03	53,00	0,00	0,00	0,00	-0,11	0,00
04/04/2023 16:32:36	00:10:34	1,00	0,00	0,00	0,00	0,03	55,00	0,00	1,00	0,00	-0,15	0,00
04/04/2023 16:32:37	00:10:35	1,00	0,00	0,00	0,00	0,03	55,00	0,00	1,00	0,00	-0,13	0,00
04/04/2023 16:32:38	00:10:36	1,00	0,00	0,00	0,00	0,03	54,00	0,00	0,00	0,00	-0,12	0,00
04/04/2023 16:32:39	00:10:37	1,00	0,00	0,00	0,00	0,03	55,00	0,00	0,00	0,00	-0,13	0,00
04/04/2023 16:32:40	00:10:38	1,00	0,00	0,00	0,00	0,03	55,00	0,00	0,00	0,00	-0,14	0,00
04/04/2023 16:32:41	00:10:39	1,00	0,00	0,00	0,00	0,03	52,00	0,00	1,00	0,00	-0,06	0,00
04/04/2023 16:32:42	00:10:40	1,00	0,00	0,00	0,00	0,03	54,00	1,00	0,00	0,00	-0,13	0,00
04/04/2023 16:32:43	00:10:41	1,00	0,00	0,00	0,00	0,03	55,00	0,00	1,00	0,00	-0,14	0,00
04/04/2023 16:32:44	00:10:42	1,00	0,00	0,00	0,00	0,03	55,00	0,00	1,00	0,00	-0,11	0,00
04/04/2023 16:32:46	00:10:43	1,00	0,00	0,00	0,00	0,03	55,00	0,00	0,00	0,00	-0,18	0,00
04/04/2023 16:32:47	00:10:44	1,00	0,00	0,00	0,00	0,03	52,00	0,00	1,00	0,00	-0,14	0,00
04/04/2023 16:32:48	00:10:45	1,00	0,00	0,00	0,00	0,03	55,00	0,00	1,00	0,00	-0,11	0,00
04/04/2023 16:32:49	00:10:46	1,00	0,00	0,00	0,00	0,03	54,00	0,00	1,00	0,00	-0,10	0,00
04/04/2023 16:32:50	00:10:47	1,00	0,00	0,00	0,00	0,03	55,00	0,00	1,00	0,00	-0,12	0,00
04/04/2023 16:32:51	00:10:48	1,00	0,00	0,00	0,00	0,03	55,00	0,00	1,00	0,00	-0,11	0,00
04/04/2023 16:32:52	00:10:49	1,00	0,00	0,00	0,00	0,03	52,00	1,00	0,00	0,00	-0,10	0,00
04/04/2023 16:32:53	00:10:50	1,00	0,00	0,00	0,00	0,03	55,00	0,00	1,00	0,00	-0,09	0,00
04/04/2023 16:32:54	00:10:51	1,00	0,00	0,00	0,00	0,03	54,00	0,00	0,00	0,00	-0,06	0,00
04/04/2023 16:32:55	00:10:52	1,00	0,00	0,00	0,00	0,03	55,00	0,00	0,00	0,00	-0,09	0,00
04/04/2023 16:32:56	00:10:53	1,00	0,00	0,00	0,00	0,03	55,00	1,00	0,00	0,00	-0,06	0,00
04/04/2023 16:32:57	00:10:54	1,00	0,00	0,00	0,00	0,03	55,00	0,00	1,00	1,00	-0,07	0,00
04/04/2023 16:32:58	00:10:55	1,00	0,00	0,00	0,00	0,03	53,00	0,00	1,00	0,00	-0,06	0,00
04/04/2023 16:32:59	00:10:56	1,00	0,00	0,00	0,00	0,03	55,00	0,00	1,00	1,00	-0,08	0,00
04/04/2023 16:33:00	00:10:57	1,00	0,00	0,00	0,00	0,03	55,00	0,00	0,00	0,00	-0,06	0,00
04/04/2023 16:33:01	00:10:58	1,00	0,00	0,00	0,00	0,03	55,00	0,00	1,00	0,00	-0,03	0,00
04/04/2023 16:33:02	00:10:59	1,00	0,00	0,00	0,00	0,03	55,00	0,00	1,00	0,00	-0,07	0,00
04/04/2023 16:33:03	00:11:00	1,00	0,00	0,00	0,00	0,03	55,00	1,00	1,00	0,00	-0,02	0,00
04/04/2023 16:33:04	00:11:01	1,00	0,00	0,00	0,00	0,03	53,00	0,00	0,00	0,00	-0,05	0,00
04/04/2023 16:33:05	00:11:02	1,00	0,00	0,00	0,00	0,03	54,00	0,00	0,00	0,00	-0,03	0,00
04/04/2023 16:33:06	00:11:03	1,00	0,00	0,00	0,00	0,03	55,00	0,00	1,00	0,00	-0,06	0,00
04/04/2023 16:33:07	00:11:04	1,00	0,00	0,00	0,00	0,03	55,00	0,00	0,00	0,00	-0,07	0,00
04/04/2023 16:33:08	00:11:05	1,00	0,00	0,00	0,00	0,03	55,00	1,00	0,00	0,00	-0,10	0,00
04/04/2023 16:33:09	00:11:06	1,00	0,00	0,00	0,00	0,03	52,00	0,00	0,00	0,00	-0,04	0,00
04/04/2023 16:33:10	00:11:07	1,00	0,00	0,00	0,00	0,03	55,00	0,00	0,00	0,00	-0,07	0,00
04/04/2023 16:33:11	00:11:08	1,00	0,00	0,00	0,00	0,03	55,00	0,00	0,00	0,00	-0,07	0,00
04/04/2023 16:33:12	00:11:09	1,00	0,00	0,00	0,00	0,03	55,00	0,00	1,00	0,00	-0,08	0,00
04/04/2023 16:33:13	00:11:10	1,00	0,00	0,00	0,00	0,03	55,00	0,00	0,00	0,00	-0,10	0,00
04/04/2023 16:33:14	00:11:11	1,00	0,00	0,00	0,00	0,03	53,00	0,00	0,00	0,00	-0,24	0,00
04/04/2023 16:33:15	00:11:12	1,00	0,00	0,00	0,00	0,03	55,00	0,00	1,00	0,00	-0,10	0,00
04/04/2023 16:33:16	00:11:13	1,00	0,00	0,00	0,00	0,03	55,00	1,00	0,00	0,00	-0,11	0,00
04/04/2023 16:33:17	00:11:14	1,00	0,00	0,00	0,00	0,03	55,00	0,00	0,00	0,00	-0,10	0,00
04/04/2023 16:33:18	00:11:15	1,00	0,00	0,00	0,00	0,03	55,00	0,00	0,00	0,00	-0,15	0,00
04/04/2023 16:33:19	00:11:16	1,00	0,00	0,00	0,00	0,03	52,00	0,00	1,00	0,00	-0,17	0,00
04/04/2023 16:33:20	00:11:17	1,00	0,00	0,00	0,00	0,03	54,00	1,00	0,00	0,00	-0,10	0,00
04/04/2023 16:33:21	00:11:18	1,00	0,00	0,00	0,00	0,03	54,00	0,00	1,00	0,00	-0,10	0,00
04/04/2023 16:33:22	00:11:19	1,00	0,00	0,00	0,00	0,03	54,00	0,00	1,00	0,00	-0,10	0,00
04/04/2023 16:33:23	00:11:20	1,00	0,00	0,00	0,00	0,03	55,00	0,00	1,00	0,00	-0,14	0,00
04/04/2023 16:33:24	00:11:21	1,00	0,00	0,00	0,00	0,03	55,00	0,00	1,00	0,00	-0,10	0,00
04/04/2023 16:33:25	00:11:22	1,00	0,00	0,00	0,00	0,03	52,00	0,00	1,00	0,00	-0,09	0,00
04/04/2023 16:33:26	00:11:23	1,00	0,00	0,00	0,00	0,03	55,00	0,00	0,00	0,00	-0,08	0,00
04/04/2023 16:33:27	00:11:24	1,00	0,00	0,00	0,00	0,03	55,00	0,00	1,00	0,00	-0,07	0,00
04/04/2023 16:33:28	00:11:25	1,00	0,00	0,00	0,00	0,03	55,00	0,00	0,00	1,00	-0,08	0,00
04/04/2023 16:33:29	00:11:26	1,00	0,00	0,00	0,00	0,03	55,00	0,00	1,00	0,00	-0,10	0,00
04/04/2023 16:33:30	00:11:27	1,00	0,00	0,00	0,00	0,03	52,00	1,00	0,00	0,00	-0,08	0,00
04/04/2023 16:33:31	00:11:28	1,00	0,00	0,00	0,00	0,03	55,00	0,00	1,00	0,00	-0,07	0,00
04/04/2023 16:33:32	00:11:29	1,00	0,00	0,00	0,00	0,03	54,00	0,00	1,00	0,00	-0,07	0,00
04/04/2023 16:33:33	00:11:30	1,00	0,00	0,00	0,00	0,03	55,00	0,00	1,00	0,00	-0,09	0,00
04/04/2023 16:33:34	00:11:31	1,00	0,00	0,00	0,00	0,03	55,00	0,00	0,00	0,00	-0,07	0,00
04/04/2023 16:33:35	00:11:32	1,00	0,00	0,00	0,00	0,03	55,00	1,00	0,00	0,00	-0,03	0,00
04/04/2023 16:33:36	00:11:33	1,00	0,00	0,00	0,00	0,03	53,00	1,00	1,00	0,00	-0,07	0,00
04/04/2023 16:33:37	00:11:34	1,00	0,00	0,00	0,00	0,03	54,00	0,00	1,00	0,00	-0,08	0,00
04/04/2023 16:33:38	00:11:35	1,00	0,00	0,00	0,00	0,03	55,00	0,00	1,00	0,00	-0,10	0,00
04/04/2023 16:33:39	00:11:36	1,00	0,00	0,00	0,00	0,03	55,00	0,00	1,00	0,00	-0,13	0,00
04/04/2023 16:33:40	00:11:37	1,00	0,00	0,00	0,00	0,03	55,00	0,00	0,00	0,00	-0,09	0,00
04/04/2023 16:33:41	00:11:38	1,00	0,00	0,00	0,00	0,03	55,00	0,00	1,00	0,00	-0,10	0,00
04/04/2023 16:33:42	00:11:39	1,00	0,00	0,00	0,00	0,03	55,00	0,00	1,00	0,00	-0,09	0,00
04/04/2023 16:33:43	00:11:40	1,00	0,00	0,00	0,00	0,03	55,00	0,00	0,00	0,00	-0,09	0,00
04/04/2023 16:33:44	00:11:41	1,00	0,00	0,00	0,00	0,03	55,00	0,00	0,00	0,00	-0,07	0,00
04/04/2023 16:33:45	00:11:42	1,00	0,00	0,00	0,00	0,03	55,00	0,00	0,00	0,00	-0,10	0,00
04/04/2023 16:33:46	00:11:43	1,00	0,00	0,00	0,00	0,03	55,00	0,00	1,00	0,00	-0,08	0,00
04/04/2023 16:33:47	00:11:44	1,00	0,00	0,00	0,00	0,03	52,00	0,00	1,00	0,00	-0,12	0,00
04/04/2023 16:33:48	00:11:45	1,00	0,00	0,00	0,00	0,03	55,00	0,00	0,00	0,00	-0,11	0,00
04/04/2023 16:33:49	00:11:46	1,00	0,00	0,00	0,00	0,03	55,00	0,00	0,00	0,00	-0,08	0,00
04/04/2023 16:33:50	00:11:47	1,00	0,00	0,00	0,00	0,03	55,00	0,00	0,00	0,00	-0,09	0,00
04/04/2023 16:33:51	00:11:48	1,00	0,00	0,00	0,00	0,03	55,00	0,00	1,00	0,00	-0,09	0,00
04/04/2023 16:33:52	00:11:49	1,00	0,00	0,00	0,00	0,03	52,00	0,00	1,00	0,00	-0,10	0,00
04/04/2023 16:33:53	00:11:50	1,00	0,00	0,00	0,00	0,03	54,00	0,00	0,00	0,00	-0,11	0,00
04/04/2023 16:33:54	00:11:51	1,00	0,00	0,00	0,00	0,03	54,00	0,00	0,00	0,00	-0,11	0,00
04/04/2023 16:33:55	00:11:52	1,00	0,00	0,00	0,00	0,03	55,00	0,00	1,00	0,00	-0,10	0,00
04/04/2023 16:33:56	00:11:53	1,00	0,00	0,00	0,00	0,03	55,00	0,00	0,00	0,00	-0,11	0,00
04/04/2023 16:33:57	00:11:54	1,00	0,00	0,00	0,00	0,03	55,00	0,00	1,00	0,00	-0,08	0,00
04/04/2023 16:33:58	00:11:55	1,00	0,00	0,00	0,00	0,03	53,00	0,00	1,00	0,00	-0,07	0,00
04/04/2023 16:33:59	00:11:56	1,00	0,00	0,00	0,00	0,03	55,00	0,00	1,00	0,00	-0,10	0,00
04/04/2023 16:34:00	00:11:57	1,00	0,00	0,00	0,00	0,03	55,00	0,00	0,00	0,00	-0,10	0,00
04/04/2023 16:34:01	00:11:58	1,00	0,00	0,00	0,00	0,03	55,00	0,00	1,00	0,00	-0,10	0,00
04/04/2023 16:34:02	00:11:59	1,00	0,00	0,00	0,00	0,03	52,00	0,00	0,00	0,00	-0,12	0,00
04/04/2023 16:34:03	00:12:00	1,00	0,00	0,00	0,00	0,03	53,00	0,00	1,00	0,00	-0,11	0,00
04/04/2023 16:34:04	00:12:01	1,00	0,00	0,00	0,00	0,03	55,00	0,00	0,00	0,00	-0,13	0,00
04/04/2023 16:34:05	00:12:02	1,00	0,00	0,00	0,00	0,03	55,00	0,00	0,00	0,00	-0,12	0,00
04/04/2023 16:34:06	00:12:03	1,00	0,00	0,00	0,00	0,03	55,00	0,00	1,00	1,00	-0,13	0,00
04/04/2023 16:34:07	00:12:04	1,00	0,00	0,00	0,00	0,03	55,00	0,00	1,00	0,00	-0,10	0,00
04/04/2023 16:34:08	00:12:05	1,00	0,00	0,00	0,00	0,03	55,00	1,00	0,00	0,00	-0,10	0,00
04/04/2023 16:34:09	00:12:06	1,00	0,00	0,00	0,00	0,03	53,00	1,00	0,00	0,00	-0,14	0,00
04/04/2023 16:34:10	00:12:07	1,00	0,00	0,00	0,00	0,03	54,00	0,00	0,00	0,00	-0,10	0,00
04/04/2023 16:34:11	00:12:08	1,00	0,00	0,00	0,00	0,03	55,00	0,00	0,00	0,00	-0,03	0,00
04/04/2023 16:34:12	00:12:09	1,00	0,00	0,00	0,00	0,03	55,00	0,00	1,00	0,00	-0,12	0,00
04/04/2023 16:34:13	00:12:10	1,00	0,00	0,00	0,00	0,03	55,00	0,00	1,00	0,00	-0,07	0,00
04/04/2023 16:34:14	00:12:11	1,00	0,00	0,00	0,00	0,03	53,00	1,00	1,00	0,00	-0,11	0,00
04/04/2023 16:34:15	00:12:12	1,00	0,00	0,00	0,00	0,03	55,00	0,00	1,00	0,00	-0,10	0,00
04/04/2023 16:34:16	00:12:13	1,00	0,00	0,00	0,00	0,03	54,00	0,00	1,00	0,00	-0,13	0,00
04/04/2023 16:34:17	00:12:14	1,00	0,00	0,00	0,00	0,03	55,00	0,00	1,00	0,00	-0,14	0,00
04/04/2023 16:34:18	00:12:15	1,00	0,00	0,00	0,00	0,03	55,00	0,00	1,00	0,00	-0,13	0,00
04/04/2023 16:34:19	00:12:16	1,00	0,00	0,00	0,00	0,03	53,00	0,00	0,00	0,00	-0,14	0,00
04/04/2023 16:34:20	00:12:17	1,00	0,00	0,00	0,00	0,03	55,00	0,00	1,00	0,00	-0,15	0,00
04/04/2023 16:34:21	00:12:18	1,00	0,00	0,00	0,00	0,03	55,00	0,00	0,00	0,00	-0,13	0,00
04/04/2023 16:34:22	00:12:19	1,00	0,00	0,00	0,00	0,03	55,00	0,00	1,00	0,00	-0,12	0,00
04/04/2023 16:34:23	00:12:20	1,00	0,00	0,00	0,00	0,03	55,00	0,00	0,00	0,00	-0,11	0,00
04/04/2023 16:34:24	00:12:21	1,00	0,00	0,00	0,00	0,03	52,00	0,00	0,00	0,00	-0,12	0,00
04/04/2023 16:34:25	00:12:22	1,00	0,00	0,00	0,00	0,03	52,00	1,00	1,00	0,00	-0,13	0,00
04/04/2023 16:34:26	00:12:23	1,00	0,00	0,00	0,00	0,03	54,00	0,00	1,00	0,00	-0,12	0,00
04/04/2023 16:34:27	00:12:24	1,00	0,00	0,00	0,00	0,03	55,00	0,00	0,00	0,00	-0,15	0,00
04/04/2023 16:34:28	00:12:25	1,00	0,00	0,00	0,00	0,03	55,00	0,00	1,00	0,00	-0,14	0,00
04/04/2023 16:34:29	00:12:26	1,00	0,00	0,00	0,00	0,03	55,00	0,00	0,00	0,00	-0,14	0,00
04/04/2023 16:34:30	00:12:27	1,00	0,00	0,00	0,00	0,03	52,00	0,00	1,00	0,00	-0,11	0,00
04/04/2023 16:34:31	00:12:28	1,00	0,00	0,00	0,00	0,03	55,00	0,00	1,00	0,00	-0,13	0,00
